Full Numerical List
1. 111111
2. 111112
3. 111113
4. 111114
5. 111121
6. 111122
7. 111123
8. 111124
9. 111131
10. 111132
11. 111133
12. 111134
13. 111141
14. 111142
15. 111143
16. 111144
17. 111211
18. 111212
19. 111213
20. 111214
21. 111221
22. 111222
23. 111223
24. 111224
25. 111231
26. 111232
27. 111233
28. 111234
29. 111241
30. 111242
31. 111243
32. 111244
33. 111311
34. 111312
35. 111313
36. 111314
37. 111321
38. 111322
39. 111323
40. 111324
41. 111331
42. 111332
43. 111333
44. 111334
45. 111341
46. 111342
47. 111343
48. 111344
49. 111411
50. 111412
51. 111413
52. 111414
53. 111421
54. 111422
55. 111423
56. 111424
57. 111431
58. 111432
59. 111433
60. 111434
61. 111441
62. 111442
63. 111443
64. 111444
65. 112111
66. 112112
67. 112113
68. 112114
69. 112121
70. 112122
71. 112123
72. 112124
73. 112131
74. 112132
75. 112133
76. 112134
77. 112141
78. 112142
79. 112143
80. 112144
81. 112211
82. 112212
83. 112213
84. 112214
85. 112221
86. 112222
87. 112223
88. 112224
89. 112231
90. 112232
91. 112233
92. 112234
93. 112241
94. 112242
95. 112243
96. 112244
97. 112311
98. 112312
99. 112313
100. 112314
101. 112321
102. 112322
103. 112323
104. 112324
105. 112331
106. 112332
107. 112333
108. 112334
109. 112341
110. 112342
111. 112343
112. 112344
113. 112411
114. 112412
115. 112413
116. 112414
117. 112421
118. 112422
119. 112423
120. 112424
121. 112431
122. 112432
123. 112433
124. 112434
125. 112441
126. 112442
127. 112443
128. 112444
129. 113111
130. 113112
131. 113113
132. 113114
133. 113121
134. 113122
135. 113123
136. 113124
137. 113131
138. 113132
139. 113133
140. 113134
141. 113141
142. 113142
143. 113143
144. 113144
145. 113211
146. 113212
147. 113213
148. 113214
149. 113221
150. 113222
151. 113223
152. 113224
153. 113231
154. 113232
155. 113233
156. 113234
157. 113241
158. 113242
159. 113243
160. 113244
161. 113311
162. 113312
163. 113313
164. 113314
165. 113321
166. 113322
167. 113323
168. 113324
169. 113331
170. 113332
171. 113333
172. 113334
173. 113341
174. 113342
175. 113343
176. 113344
177. 113411
178. 113412
179. 113413
180. 113414
181. 113421
182. 113422
183. 113423
184. 113424
185. 113431
186. 113432
187. 113433
188. 113434
189. 113441
190. 113442
191. 113443
192. 113444
193. 114111
194. 114112
195. 114113
196. 114114
197. 114121
198. 114122
199. 114123
200. 114124
201. 114131
202. 114132
203. 114133
204. 114134
205. 114141
206. 114142
207. 114143
208. 114144
209. 114211
210. 114212
211. 114213
212. 114214
213. 114221
214. 114222
215. 114223
216. 114224
217. 114231
218. 114232
219. 114233
220. 114234
221. 114241
222. 114242
223. 114243
224. 114244
225. 114311
226. 114312
227. 114313
228. 114314
229. 114321
230. 114322
231. 114323
232. 114324
233. 114331
234. 114332
235. 114333
236. 114334
237. 114341
238. 114342
239. 114343
240. 114344
241. 114411
242. 114412
243. 114413
244. 114414
245. 114421
246. 114422
247. 114423
248. 114424
249. 114431
250. 114432
251. 114433
252. 114434
253. 114441
254. 114442
255. 114443
256. 114444
257. 121111
258. 121112
259. 121113
260. 121114
261. 121121
262. 121122
263. 121123
264. 121124
265. 121131
266. 121132
267. 121133
268. 121134
269. 121141
270. 121142
271. 121143
272. 121144
273. 121211
274. 121212
275. 121213
276. 121214
277. 121221
278. 121222
279. 121223
280. 121224
281. 121231
282. 121232
283. 121233
284. 121234
285. 121241
286. 121242
287. 121243
288. 121244
289. 121311
290. 121312
291. 121313
292. 121314
293. 121321
294. 121322
295. 121323
296. 121324
297. 121331
298. 121332
299. 121333
300. 121334
301. 121341
302. 121342
303. 121343
304. 121344
305. 121411
306. 121412
307. 121413
308. 121414
309. 121421
310. 121422
311. 121423
312. 121424
313. 121431
314. 121432
315. 121433
316. 121434
317. 121441
318. 121442
319. 121443
320. 121444
321. 122111
322. 122112
323. 122113
324. 122114
325. 122121
326. 122122
327. 122123
328. 122124
329. 122131
330. 122132
331. 122133
332. 122134
333. 122141
334. 122142
335. 122143
336. 122144
337. 122211
338. 122212
339. 122213
340. 122214
341. 122221
342. 122222
343. 122223
344. 122224
345. 122231
346. 122232
347. 122233
348. 122234
349. 122241
350. 122242
351. 122243
352. 122244
353. 122311
354. 122312
355. 122313
356. 122314
357. 122321
358. 122322
359. 122323
360. 122324
361. 122331
362. 122332
363. 122333
364. 122334
365. 122341
366. 122342
367. 122343
368. 122344
369. 122411
370. 122412
371. 122413
372. 122414
373. 122421
374. 122422
375. 122423
376. 122424
377. 122431
378. 122432
379. 122433
380. 122434
381. 122441
382. 122442
383. 122443
384. 122444
385. 123111
386. 123112
387. 123113
388. 123114
389. 123121
390. 123122
391. 123123
392. 123124
393. 123131
394. 123132
395. 123133
396. 123134
397. 123141
398. 123142
399. 123143
400. 123144
401. 123211
402. 123212
403. 123213
404. 123214
405. 123221
406. 123222
407. 123223
408. 123224
409. 123231
410. 123232
411. 123233
412. 123234
413. 123241
414. 123242
415. 123243
416. 123244
417. 123311
418. 123312
419. 123313
420. 123314
421. 123321
422. 123322
423. 123323
424. 123324
425. 123331
426. 123332
427. 123333
428. 123334
429. 123341
430. 123342
431. 123343
432. 123344
433. 123411
434. 123412
435. 123413
436. 123414
437. 123421
438. 123422
439. 123423
440. 123424
441. 123431
442. 123432
443. 123433
444. 123434
445. 123441
446. 123442
447. 123443
448. 123444
449. 124111
450. 124112
451. 124113
452. 124114
453. 124121
454. 124122
455. 124123
456. 124124
457. 124131
458. 124132
459. 124133
460. 124134
461. 124141
462. 124142
463. 124143
464. 124144
465. 124211
466. 124212
467. 124213
468. 124214
469. 124221
470. 124222
471. 124223
472. 124224
473. 124231
474. 124232
475. 124233
476. 124234
477. 124241
478. 124242
479. 124243
480. 124244
481. 124311
482. 124312
483. 124313
484. 124314
485. 124321
486. 124322
487. 124323
488. 124324
489. 124331
490. 124332
491. 124333
492. 124334
493. 124341
494. 124342
495. 124343
496. 124344
497. 124411
498. 124412
499. 124413
500. 124414
501. 124421
502. 124422
503. 124423
504. 124424
505. 124431
506. 124432
507. 124433
508. 124434
509. 124441
510. 124442
511. 124443
512. 124444
513. 131111
514. 131112
515. 131113
516. 131114
517. 131121
518. 131122
519. 131123
520. 131124
521. 131131
522. 131132
523. 131133
524. 131134
525. 131141
526. 131142
527. 131143
528. 131144
529. 131211
530. 131212
531. 131213
532. 131214
533. 131221
534. 131222
535. 131223
536. 131224
537. 131231
538. 131232
539. 131233
540. 131234
541. 131241
542. 131242
543. 131243
544. 131244
545. 131311
546. 131312
547. 131313
548. 131314
549. 131321
550. 131322
551. 131323
552. 131324
553. 131331
554. 131332
555. 131333
556. 131334
557. 131341
558. 131342
559. 131343
560. 131344
561. 131411
562. 131412
563. 131413
564. 131414
565. 131421
566. 131422
567. 131423
568. 131424
569. 131431
570. 131432
571. 131433
572. 131434
573. 131441
574. 131442
575. 131443
576. 131444
577. 132111
578. 132112
579. 132113
580. 132114
581. 132121
582. 132122
583. 132123
584. 132124
585. 132131
586. 132132
587. 132133
588. 132134
589. 132141
590. 132142
591. 132143
592. 132144
593. 132211
594. 132212
595. 132213
596. 132214
597. 132221
598. 132222
599. 132223
600. 132224
601. 132231
602. 132232
603. 132233
604. 132234
605. 132241
606. 132242
607. 132243
608. 132244
609. 132311
610. 132312
611. 132313
612. 132314
613. 132321
614. 132322
615. 132323
616. 132324
617. 132331
618. 132332
619. 132333
620. 132334
621. 132341
622. 132342
623. 132343
624. 132344
625. 132411
626. 132412
627. 132413
628. 132414
629. 132421
630. 132422
631. 132423
632. 132424
633. 132431
634. 132432
635. 132433
636. 132434
637. 132441
638. 132442
639. 132443
640. 132444
641. 133111
642. 133112
643. 133113
644. 133114
645. 133121
646. 133122
647. 133123
648. 133124
649. 133131
650. 133132
651. 133133
652. 133134
653. 133141
654. 133142
655. 133143
656. 133144
657. 133211
658. 133212
659. 133213
660. 133214
661. 133221
662. 133222
663. 133223
664. 133224
665. 133231
666. 133232
667. 133233
668. 133234
669. 133241
670. 133242
671. 133243
672. 133244
673. 133311
674. 133312
675. 133313
676. 133314
677. 133321
678. 133322
679. 133323
680. 133324
681. 133331
682. 133332
683. 133333
684. 133334
685. 133341
686. 133342
687. 133343
688. 133344
689. 133411
690. 133412
691. 133413
692. 133414
693. 133421
694. 133422
695. 133423
696. 133424
697. 133431
698. 133432
699. 133433
700. 133434
701. 133441
702. 133442
703. 133443
704. 133444
705. 134111
706. 134112
707. 134113
708. 134114
709. 134121
710. 134122
711. 134123
712. 134124
713. 134131
714. 134132
715. 134133
716. 134134
717. 134141
718. 134142
719. 134143
720. 134144
721. 134211
722. 134212
723. 134213
724. 134214
725. 134221
726. 134222
727. 134223
728. 134224
729. 134231
730. 134232
731. 134233
732. 134234
733. 134241
734. 134242
735. 134243
736. 134244
737. 134311
738. 134312
739. 134313
740. 134314
741. 134321
742. 134322
743. 134323
744. 134324
745. 134331
746. 134332
747. 134333
748. 134334
749. 134341
750. 134342
751. 134343
752. 134344
753. 134411
754. 134412
755. 134413
756. 134414
757. 134421
758. 134422
759. 134423
760. 134424
761. 134431
762. 134432
763. 134433
764. 134434
765. 134441
766. 134442
767. 134443
768. 134444
769. 141111
770. 141112
771. 141113
772. 141114
773. 141121
774. 141122
775. 141123
776. 141124
777. 141131
778. 141132
779. 141133
780. 141134
781. 141141
782. 141142
783. 141143
784. 141144
785. 141211
786. 141212
787. 141213
788. 141214
789. 141221
790. 141222
791. 141223
792. 141224
793. 141231
794. 141232
795. 141233
796. 141234
797. 141241
798. 141242
799. 141243
800. 141244
801. 141311
802. 141312
803. 141313
804. 141314
805. 141321
806. 141322
807. 141323
808. 141324
809. 141331
810. 141332
811. 141333
812. 141334
813. 141341
814. 141342
815. 141343
816. 141344
817. 141411
818. 141412
819. 141413
820. 141414
821. 141421
822. 141422
823. 141423
824. 141424
825. 141431
826. 141432
827. 141433
828. 141434
829. 141441
830. 141442
831. 141443
832. 141444
833. 142111
834. 142112
835. 142113
836. 142114
837. 142121
838. 142122
839. 142123
840. 142124
841. 142131
842. 142132
843. 142133
844. 142134
845. 142141
846. 142142
847. 142143
848. 142144
849. 142211
850. 142212
851. 142213
852. 142214
853. 142221
854. 142222
855. 142223
856. 142224
857. 142231
858. 142232
859. 142233
860. 142234
861. 142241
862. 142242
863. 142243
864. 142244
865. 142311
866. 142312
867. 142313
868. 142314
869. 142321
870. 142322
871. 142323
872. 142324
873. 142331
874. 142332
875. 142333
876. 142334
877. 142341
878. 142342
879. 142343
880. 142344
881. 142411
882. 142412
883. 142413
884. 142414
885. 142421
886. 142422
887. 142423
888. 142424
889. 142431
890. 142432
891. 142433
892. 142434
893. 142441
894. 142442
895. 142443
896. 142444
897. 143111
898. 143112
899. 143113
900. 143114
901. 143121
902. 143122
903. 143123
904. 143124
905. 143131
906. 143132
907. 143133
908. 143134
909. 143141
910. 143142
911. 143143
912. 143144
913. 143211
914. 143212
915. 143213
916. 143214
917. 143221
918. 143222
919. 143223
920. 143224
921. 143231
922. 143232
923. 143233
924. 143234
925. 143241
926. 143242
927. 143243
928. 143244
929. 143311
930. 143312
931. 143313
932. 143314
933. 143321
934. 143322
935. 143323
936. 143324
937. 143331
938. 143332
939. 143333
940. 143334
941. 143341
942. 143342
943. 143343
944. 143344
945. 143411
946. 143412
947. 143413
948. 143414
949. 143421
950. 143422
951. 143423
952. 143424
953. 143431
954. 143432
955. 143433
956. 143434
957. 143441
958. 143442
959. 143443
960. 143444
961. 144111
962. 144112
963. 144113
964. 144114
965. 144121
966. 144122
967. 144123
968. 144124
969. 144131
970. 144132
971. 144133
972. 144134
973. 144141
974. 144142
975. 144143
976. 144144
977. 144211
978. 144212
979. 144213
980. 144214
981. 144221
982. 144222
983. 144223
984. 144224
985. 144231
986. 144232
987. 144233
988. 144234
989. 144241
990. 144242
991. 144243
992. 144244
993. 144311
994. 144312
995. 144313
996. 144314
997. 144321
998. 144322
999. 144323
1000. 144324
1001. 144331
1002. 144332
1003. 144333
1004. 144334
1005. 144341
1006. 144342
1007. 144343
1008. 144344
1009. 144411
1010. 144412
1011. 144413
1012. 144414
1013. 144421
1014. 144422
1015. 144423
1016. 144424
1017. 144431
1018. 144432
1019. 144433
1020. 144434
1021. 144441
1022. 144442
1023. 144443
1024. 144444
1025. 211111
1026. 211112
1027. 211113
1028. 211114
1029. 211121
1030. 211122
1031. 211123
1032. 211124
1033. 211131
1034. 211132
1035. 211133
1036. 211134
1037. 211141
1038. 211142
1039. 211143
1040. 211144
1041. 211211
1042. 211212
1043. 211213
1044. 211214
1045. 211221
1046. 211222
1047. 211223
1048. 211224
1049. 211231
1050. 211232
1051. 211233
1052. 211234
1053. 211241
1054. 211242
1055. 211243
1056. 211244
1057. 211311
1058. 211312
1059. 211313
1060. 211314
1061. 211321
1062. 211322
1063. 211323
1064. 211324
1065. 211331
1066. 211332
1067. 211333
1068. 211334
1069. 211341
1070. 211342
1071. 211343
1072. 211344
1073. 211411
1074. 211412
1075. 211413
1076. 211414
1077. 211421
1078. 211422
1079. 211423
1080. 211424
1081. 211431
1082. 211432
1083. 211433
1084. 211434
1085. 211441
1086. 211442
1087. 211443
1088. 211444
1089. 212111
1090. 212112
1091. 212113
1092. 212114
1093. 212121
1094. 212122
1095. 212123
1096. 212124
1097. 212131
1098. 212132
1099. 212133
1100. 212134
1101. 212141
1102. 212142
1103. 212143
1104. 212144
1105. 212211
1106. 212212
1107. 212213
1108. 212214
1109. 212221
1110. 212222
1111. 212223
1112. 212224
1113. 212231
1114. 212232
1115. 212233
1116. 212234
1117. 212241
1118. 212242
1119. 212243
1120. 212244
1121. 212311
1122. 212312
1123. 212313
1124. 212314
1125. 212321
1126. 212322
1127. 212323
1128. 212324
1129. 212331
1130. 212332
1131. 212333
1132. 212334
1133. 212341
1134. 212342
1135. 212343
1136. 212344
1137. 212411
1138. 212412
1139. 212413
1140. 212414
1141. 212421
1142. 212422
1143. 212423
1144. 212424
1145. 212431
1146. 212432
1147. 212433
1148. 212434
1149. 212441
1150. 212442
1151. 212443
1152. 212444
1153. 213111
1154. 213112
1155. 213113
1156. 213114
1157. 213121
1158. 213122
1159. 213123
1160. 213124
1161. 213131
1162. 213132
1163. 213133
1164. 213134
1165. 213141
1166. 213142
1167. 213143
1168. 213144
1169. 213211
1170. 213212
1171. 213213
1172. 213214
1173. 213221
1174. 213222
1175. 213223
1176. 213224
1177. 213231
1178. 213232
1179. 213233
1180. 213234
1181. 213241
1182. 213242
1183. 213243
1184. 213244
1185. 213311
1186. 213312
1187. 213313
1188. 213314
1189. 213321
1190. 213322
1191. 213323
1192. 213324
1193. 213331
1194. 213332
1195. 213333
1196. 213334
1197. 213341
1198. 213342
1199. 213343
1200. 213344
1201. 213411
1202. 213412
1203. 213413
1204. 213414
1205. 213421
1206. 213422
1207. 213423
1208. 213424
1209. 213431
1210. 213432
1211. 213433
1212. 213434
1213. 213441
1214. 213442
1215. 213443
1216. 213444
1217. 214111
1218. 214112
1219. 214113
1220. 214114
1221. 214121
1222. 214122
1223. 214123
1224. 214124
1225. 214131
1226. 214132
1227. 214133
1228. 214134
1229. 214141
1230. 214142
1231. 214143
1232. 214144
1233. 214211
1234. 214212
1235. 214213
1236. 214214
1237. 214221
1238. 214222
1239. 214223
1240. 214224
1241. 214231
1242. 214232
1243. 214233
1244. 214234
1245. 214241
1246. 214242
1247. 214243
1248. 214244
1249. 214311
1250. 214312
1251. 214313
1252. 214314
1253. 214321
1254. 214322
1255. 214323
1256. 214324
1257. 214331
1258. 214332
1259. 214333
1260. 214334
1261. 214341
1262. 214342
1263. 214343
1264. 214344
1265. 214411
1266. 214412
1267. 214413
1268. 214414
1269. 214421
1270. 214422
1271. 214423
1272. 214424
1273. 214431
1274. 214432
1275. 214433
1276. 214434
1277. 214441
1278. 214442
1279. 214443
1280. 214444
1281. 221111
1282. 221112
1283. 221113
1284. 221114
1285. 221121
1286. 221122
1287. 221123
1288. 221124
1289. 221131
1290. 221132
1291. 221133
1292. 221134
1293. 221141
1294. 221142
1295. 221143
1296. 221144
1297. 221211
1298. 221212
1299. 221213
1300. 221214
1301. 221221
1302. 221222
1303. 221223
1304. 221224
1305. 221231
1306. 221232
1307. 221233
1308. 221234
1309. 221241
1310. 221242
1311. 221243
1312. 221244
1313. 221311
1314. 221312
1315. 221313
1316. 221314
1317. 221321
1318. 221322
1319. 221323
1320. 221324
1321. 221331
1322. 221332
1323. 221333
1324. 221334
1325. 221341
1326. 221342
1327. 221343
1328. 221344
1329. 221411
1330. 221412
1331. 221413
1332. 221414
1333. 221421
1334. 221422
1335. 221423
1336. 221424
1337. 221431
1338. 221432
1339. 221433
1340. 221434
1341. 221441
1342. 221442
1343. 221443
1344. 221444
1345. 222111
1346. 222112
1347. 222113
1348. 222114
1349. 222121
1350. 222122
1351. 222123
1352. 222124
1353. 222131
1354. 222132
1355. 222133
1356. 222134
1357. 222141
1358. 222142
1359. 222143
1360. 222144
1361. 222211
1362. 222212
1363. 222213
1364. 222214
1365. 222221
1366. 222222
1367. 222223
1368. 222224
1369. 222231
1370. 222232
1371. 222233
1372. 222234
1373. 222241
1374. 222242
1375. 222243
1376. 222244
1377. 222311
1378. 222312
1379. 222313
1380. 222314
1381. 222321
1382. 222322
1383. 222323
1384. 222324
1385. 222331
1386. 222332
1387. 222333
1388. 222334
1389. 222341
1390. 222342
1391. 222343
1392. 222344
1393. 222411
1394. 222412
1395. 222413
1396. 222414
1397. 222421
1398. 222422
1399. 222423
1400. 222424
1401. 222431
1402. 222432
1403. 222433
1404. 222434
1405. 222441
1406. 222442
1407. 222443
1408. 222444
1409. 223111
1410. 223112
1411. 223113
1412. 223114
1413. 223121
1414. 223122
1415. 223123
1416. 223124
1417. 223131
1418. 223132
1419. 223133
1420. 223134
1421. 223141
1422. 223142
1423. 223143
1424. 223144
1425. 223211
1426. 223212
1427. 223213
1428. 223214
1429. 223221
1430. 223222
1431. 223223
1432. 223224
1433. 223231
1434. 223232
1435. 223233
1436. 223234
1437. 223241
1438. 223242
1439. 223243
1440. 223244
1441. 223311
1442. 223312
1443. 223313
1444. 223314
1445. 223321
1446. 223322
1447. 223323
1448. 223324
1449. 223331
1450. 223332
1451. 223333
1452. 223334
1453. 223341
1454. 223342
1455. 223343
1456. 223344
1457. 223411
1458. 223412
1459. 223413
1460. 223414
1461. 223421
1462. 223422
1463. 223423
1464. 223424
1465. 223431
1466. 223432
1467. 223433
1468. 223434
1469. 223441
1470. 223442
1471. 223443
1472. 223444
1473. 224111
1474. 224112
1475. 224113
1476. 224114
1477. 224121
1478. 224122
1479. 224123
1480. 224124
1481. 224131
1482. 224132
1483. 224133
1484. 224134
1485. 224141
1486. 224142
1487. 224143
1488. 224144
1489. 224211
1490. 224212
1491. 224213
1492. 224214
1493. 224221
1494. 224222
1495. 224223
1496. 224224
1497. 224231
1498. 224232
1499. 224233
1500. 224234
1501. 224241
1502. 224242
1503. 224243
1504. 224244
1505. 224311
1506. 224312
1507. 224313
1508. 224314
1509. 224321
1510. 224322
1511. 224323
1512. 224324
1513. 224331
1514. 224332
1515. 224333
1516. 224334
1517. 224341
1518. 224342
1519. 224343
1520. 224344
1521. 224411
1522. 224412
1523. 224413
1524. 224414
1525. 224421
1526. 224422
1527. 224423
1528. 224424
1529. 224431
1530. 224432
1531. 224433
1532. 224434
1533. 224441
1534. 224442
1535. 224443
1536. 224444
1537. 231111
1538. 231112
1539. 231113
1540. 231114
1541. 231121
1542. 231122
1543. 231123
1544. 231124
1545. 231131
1546. 231132
1547. 231133
1548. 231134
1549. 231141
1550. 231142
1551. 231143
1552. 231144
1553. 231211
1554. 231212
1555. 231213
1556. 231214
1557. 231221
1558. 231222
1559. 231223
1560. 231224
1561. 231231
1562. 231232
1563. 231233
1564. 231234
1565. 231241
1566. 231242
1567. 231243
1568. 231244
1569. 231311
1570. 231312
1571. 231313
1572. 231314
1573. 231321
1574. 231322
1575. 231323
1576. 231324
1577. 231331
1578. 231332
1579. 231333
1580. 231334
1581. 231341
1582. 231342
1583. 231343
1584. 231344
1585. 231411
1586. 231412
1587. 231413
1588. 231414
1589. 231421
1590. 231422
1591. 231423
1592. 231424
1593. 231431
1594. 231432
1595. 231433
1596. 231434
1597. 231441
1598. 231442
1599. 231443
1600. 231444
1601. 232111
1602. 232112
1603. 232113
1604. 232114
1605. 232121
1606. 232122
1607. 232123
1608. 232124
1609. 232131
1610. 232132
1611. 232133
1612. 232134
1613. 232141
1614. 232142
1615. 232143
1616. 232144
1617. 232211
1618. 232212
1619. 232213
1620. 232214
1621. 232221
1622. 232222
1623. 232223
1624. 232224
1625. 232231
1626. 232232
1627. 232233
1628. 232234
1629. 232241
1630. 232242
1631. 232243
1632. 232244
1633. 232311
1634. 232312
1635. 232313
1636. 232314
1637. 232321
1638. 232322
1639. 232323
1640. 232324
1641. 232331
1642. 232332
1643. 232333
1644. 232334
1645. 232341
1646. 232342
1647. 232343
1648. 232344
1649. 232411
1650. 232412
1651. 232413
1652. 232414
1653. 232421
1654. 232422
1655. 232423
1656. 232424
1657. 232431
1658. 232432
1659. 232433
1660. 232434
1661. 232441
1662. 232442
1663. 232443
1664. 232444
1665. 233111
1666. 233112
1667. 233113
1668. 233114
1669. 233121
1670. 233122
1671. 233123
1672. 233124
1673. 233131
1674. 233132
1675. 233133
1676. 233134
1677. 233141
1678. 233142
1679. 233143
1680. 233144
1681. 233211
1682. 233212
1683. 233213
1684. 233214
1685. 233221
1686. 233222
1687. 233223
1688. 233224
1689. 233231
1690. 233232
1691. 233233
1692. 233234
1693. 233241
1694. 233242
1695. 233243
1696. 233244
1697. 233311
1698. 233312
1699. 233313
1700. 233314
1701. 233321
1702. 233322
1703. 233323
1704. 233324
1705. 233331
1706. 233332
1707. 233333
1708. 233334
1709. 233341
1710. 233342
1711. 233343
1712. 233344
1713. 233411
1714. 233412
1715. 233413
1716. 233414
1717. 233421
1718. 233422
1719. 233423
1720. 233424
1721. 233431
1722. 233432
1723. 233433
1724. 233434
1725. 233441
1726. 233442
1727. 233443
1728. 233444
1729. 234111
1730. 234112
1731. 234113
1732. 234114
1733. 234121
1734. 234122
1735. 234123
1736. 234124
1737. 234131
1738. 234132
1739. 234133
1740. 234134
1741. 234141
1742. 234142
1743. 234143
1744. 234144
1745. 234211
1746. 234212
1747. 234213
1748. 234214
1749. 234221
1750. 234222
1751. 234223
1752. 234224
1753. 234231
1754. 234232
1755. 234233
1756. 234234
1757. 234241
1758. 234242
1759. 234243
1760. 234244
1761. 234311
1762. 234312
1763. 234313
1764. 234314
1765. 234321
1766. 234322
1767. 234323
1768. 234324
1769. 234331
1770. 234332
1771. 234333
1772. 234334
1773. 234341
1774. 234342
1775. 234343
1776. 234344
1777. 234411
1778. 234412
1779. 234413
1780. 234414
1781. 234421
1782. 234422
1783. 234423
1784. 234424
1785. 234431
1786. 234432
1787. 234433
1788. 234434
1789. 234441
1790. 234442
1791. 234443
1792. 234444
1793. 241111
1794. 241112
1795. 241113
1796. 241114
1797. 241121
1798. 241122
1799. 241123
1800. 241124
1801. 241131
1802. 241132
1803. 241133
1804. 241134
1805. 241141
1806. 241142
1807. 241143
1808. 241144
1809. 241211
1810. 241212
1811. 241213
1812. 241214
1813. 241221
1814. 241222
1815. 241223
1816. 241224
1817. 241231
1818. 241232
1819. 241233
1820. 241234
1821. 241241
1822. 241242
1823. 241243
1824. 241244
1825. 241311
1826. 241312
1827. 241313
1828. 241314
1829. 241321
1830. 241322
1831. 241323
1832. 241324
1833. 241331
1834. 241332
1835. 241333
1836. 241334
1837. 241341
1838. 241342
1839. 241343
1840. 241344
1841. 241411
1842. 241412
1843. 241413
1844. 241414
1845. 241421
1846. 241422
1847. 241423
1848. 241424
1849. 241431
1850. 241432
1851. 241433
1852. 241434
1853. 241441
1854. 241442
1855. 241443
1856. 241444
1857. 242111
1858. 242112
1859. 242113
1860. 242114
1861. 242121
1862. 242122
1863. 242123
1864. 242124
1865. 242131
1866. 242132
1867. 242133
1868. 242134
1869. 242141
1870. 242142
1871. 242143
1872. 242144
1873. 242211
1874. 242212
1875. 242213
1876. 242214
1877. 242221
1878. 242222
1879. 242223
1880. 242224
1881. 242231
1882. 242232
1883. 242233
1884. 242234
1885. 242241
1886. 242242
1887. 242243
1888. 242244
1889. 242311
1890. 242312
1891. 242313
1892. 242314
1893. 242321
1894. 242322
1895. 242323
1896. 242324
1897. 242331
1898. 242332
1899. 242333
1900. 242334
1901. 242341
1902. 242342
1903. 242343
1904. 242344
1905. 242411
1906. 242412
1907. 242413
1908. 242414
1909. 242421
1910. 242422
1911. 242423
1912. 242424
1913. 242431
1914. 242432
1915. 242433
1916. 242434
1917. 242441
1918. 242442
1919. 242443
1920. 242444
1921. 243111
1922. 243112
1923. 243113
1924. 243114
1925. 243121
1926. 243122
1927. 243123
1928. 243124
1929. 243131
1930. 243132
1931. 243133
1932. 243134
1933. 243141
1934. 243142
1935. 243143
1936. 243144
1937. 243211
1938. 243212
1939. 243213
1940. 243214
1941. 243221
1942. 243222
1943. 243223
1944. 243224
1945. 243231
1946. 243232
1947. 243233
1948. 243234
1949. 243241
1950. 243242
1951. 243243
1952. 243244
1953. 243311
1954. 243312
1955. 243313
1956. 243314
1957. 243321
1958. 243322
1959. 243323
1960. 243324
1961. 243331
1962. 243332
1963. 243333
1964. 243334
1965. 243341
1966. 243342
1967. 243343
1968. 243344
1969. 243411
1970. 243412
1971. 243413
1972. 243414
1973. 243421
1974. 243422
1975. 243423
1976. 243424
1977. 243431
1978. 243432
1979. 243433
1980. 243434
1981. 243441
1982. 243442
1983. 243443
1984. 243444
1985. 244111
1986. 244112
1987. 244113
1988. 244114
1989. 244121
1990. 244122
1991. 244123
1992. 244124
1993. 244131
1994. 244132
1995. 244133
1996. 244134
1997. 244141
1998. 244142
1999. 244143
2000. 244144
2001. 244211
2002. 244212
2003. 244213
2004. 244214
2005. 244221
2006. 244222
2007. 244223
2008. 244224
2009. 244231
2010. 244232
2011. 244233
2012. 244234
2013. 244241
2014. 244242
2015. 244243
2016. 244244
2017. 244311
2018. 244312
2019. 244313
2020. 244314
2021. 244321
2022. 244322
2023. 244323
2024. 244324
2025. 244331
2026. 244332
2027. 244333
2028. 244334
2029. 244341
2030. 244342
2031. 244343
2032. 244344
2033. 244411
2034. 244412
2035. 244413
2036. 244414
2037. 244421
2038. 244422
2039. 244423
2040. 244424
2041. 244431
2042. 244432
2043. 244433
2044. 244434
2045. 244441
2046. 244442
2047. 244443
2048. 244444
2049. 311111
2050. 311112
2051. 311113
2052. 311114
2053. 311121
2054. 311122
2055. 311123
2056. 311124
2057. 311131
2058. 311132
2059. 311133
2060. 311134
2061. 311141
2062. 311142
2063. 311143
2064. 311144
2065. 311211
2066. 311212
2067. 311213
2068. 311214
2069. 311221
2070. 311222
2071. 311223
2072. 311224
2073. 311231
2074. 311232
2075. 311233
2076. 311234
2077. 311241
2078. 311242
2079. 311243
2080. 311244
2081. 311311
2082. 311312
2083. 311313
2084. 311314
2085. 311321
2086. 311322
2087. 311323
2088. 311324
2089. 311331
2090. 311332
2091. 311333
2092. 311334
2093. 311341
2094. 311342
2095. 311343
2096. 311344
2097. 311411
2098. 311412
2099. 311413
2100. 311414
2101. 311421
2102. 311422
2103. 311423
2104. 311424
2105. 311431
2106. 311432
2107. 311433
2108. 311434
2109. 311441
2110. 311442
2111. 311443
2112. 311444
2113. 312111
2114. 312112
2115. 312113
2116. 312114
2117. 312121
2118. 312122
2119. 312123
2120. 312124
2121. 312131
2122. 312132
2123. 312133
2124. 312134
2125. 312141
2126. 312142
2127. 312143
2128. 312144
2129. 312211
2130. 312212
2131. 312213
2132. 312214
2133. 312221
2134. 312222
2135. 312223
2136. 312224
2137. 312231
2138. 312232
2139. 312233
2140. 312234
2141. 312241
2142. 312242
2143. 312243
2144. 312244
2145. 312311
2146. 312312
2147. 312313
2148. 312314
2149. 312321
2150. 312322
2151. 312323
2152. 312324
2153. 312331
2154. 312332
2155. 312333
2156. 312334
2157. 312341
2158. 312342
2159. 312343
2160. 312344
2161. 312411
2162. 312412
2163. 312413
2164. 312414
2165. 312421
2166. 312422
2167. 312423
2168. 312424
2169. 312431
2170. 312432
2171. 312433
2172. 312434
2173. 312441
2174. 312442
2175. 312443
2176. 312444
2177. 313111
2178. 313112
2179. 313113
2180. 313114
2181. 313121
2182. 313122
2183. 313123
2184. 313124
2185. 313131
2186. 313132
2187. 313133
2188. 313134
2189. 313141
2190. 313142
2191. 313143
2192. 313144
2193. 313211
2194. 313212
2195. 313213
2196. 313214
2197. 313221
2198. 313222
2199. 313223
2200. 313224
2201. 313231
2202. 313232
2203. 313233
2204. 313234
2205. 313241
2206. 313242
2207. 313243
2208. 313244
2209. 313311
2210. 313312
2211. 313313
2212. 313314
2213. 313321
2214. 313322
2215. 313323
2216. 313324
2217. 313331
2218. 313332
2219. 313333
2220. 313334
2221. 313341
2222. 313342
2223. 313343
2224. 313344
2225. 313411
2226. 313412
2227. 313413
2228. 313414
2229. 313421
2230. 313422
2231. 313423
2232. 313424
2233. 313431
2234. 313432
2235. 313433
2236. 313434
2237. 313441
2238. 313442
2239. 313443
2240. 313444
2241. 314111
2242. 314112
2243. 314113
2244. 314114
2245. 314121
2246. 314122
2247. 314123
2248. 314124
2249. 314131
2250. 314132
2251. 314133
2252. 314134
2253. 314141
2254. 314142
2255. 314143
2256. 314144
2257. 314211
2258. 314212
2259. 314213
2260. 314214
2261. 314221
2262. 314222
2263. 314223
2264. 314224
2265. 314231
2266. 314232
2267. 314233
2268. 314234
2269. 314241
2270. 314242
2271. 314243
2272. 314244
2273. 314311
2274. 314312
2275. 314313
2276. 314314
2277. 314321
2278. 314322
2279. 314323
2280. 314324
2281. 314331
2282. 314332
2283. 314333
2284. 314334
2285. 314341
2286. 314342
2287. 314343
2288. 314344
2289. 314411
2290. 314412
2291. 314413
2292. 314414
2293. 314421
2294. 314422
2295. 314423
2296. 314424
2297. 314431
2298. 314432
2299. 314433
2300. 314434
2301. 314441
2302. 314442
2303. 314443
2304. 314444
2305. 321111
2306. 321112
2307. 321113
2308. 321114
2309. 321121
2310. 321122
2311. 321123
2312. 321124
2313. 321131
2314. 321132
2315. 321133
2316. 321134
2317. 321141
2318. 321142
2319. 321143
2320. 321144
2321. 321211
2322. 321212
2323. 321213
2324. 321214
2325. 321221
2326. 321222
2327. 321223
2328. 321224
2329. 321231
2330. 321232
2331. 321233
2332. 321234
2333. 321241
2334. 321242
2335. 321243
2336. 321244
2337. 321311
2338. 321312
2339. 321313
2340. 321314
2341. 321321
2342. 321322
2343. 321323
2344. 321324
2345. 321331
2346. 321332
2347. 321333
2348. 321334
2349. 321341
2350. 321342
2351. 321343
2352. 321344
2353. 321411
2354. 321412
2355. 321413
2356. 321414
2357. 321421
2358. 321422
2359. 321423
2360. 321424
2361. 321431
2362. 321432
2363. 321433
2364. 321434
2365. 321441
2366. 321442
2367. 321443
2368. 321444
2369. 322111
2370. 322112
2371. 322113
2372. 322114
2373. 322121
2374. 322122
2375. 322123
2376. 322124
2377. 322131
2378. 322132
2379. 322133
2380. 322134
2381. 322141
2382. 322142
2383. 322143
2384. 322144
2385. 322211
2386. 322212
2387. 322213
2388. 322214
2389. 322221
2390. 322222
2391. 322223
2392. 322224
2393. 322231
2394. 322232
2395. 322233
2396. 322234
2397. 322241
2398. 322242
2399. 322243
2400. 322244
2401. 322311
2402. 322312
2403. 322313
2404. 322314
2405. 322321
2406. 322322
2407. 322323
2408. 322324
2409. 322331
2410. 322332
2411. 322333
2412. 322334
2413. 322341
2414. 322342
2415. 322343
2416. 322344
2417. 322411
2418. 322412
2419. 322413
2420. 322414
2421. 322421
2422. 322422
2423. 322423
2424. 322424
2425. 322431
2426. 322432
2427. 322433
2428. 322434
2429. 322441
2430. 322442
2431. 322443
2432. 322444
2433. 323111
2434. 323112
2435. 323113
2436. 323114
2437. 323121
2438. 323122
2439. 323123
2440. 323124
2441. 323131
2442. 323132
2443. 323133
2444. 323134
2445. 323141
2446. 323142
2447. 323143
2448. 323144
2449. 323211
2450. 323212
2451. 323213
2452. 323214
2453. 323221
2454. 323222
2455. 323223
2456. 323224
2457. 323231
2458. 323232
2459. 323233
2460. 323234
2461. 323241
2462. 323242
2463. 323243
2464. 323244
2465. 323311
2466. 323312
2467. 323313
2468. 323314
2469. 323321
2470. 323322
2471. 323323
2472. 323324
2473. 323331
2474. 323332
2475. 323333
2476. 323334
2477. 323341
2478. 323342
2479. 323343
2480. 323344
2481. 323411
2482. 323412
2483. 323413
2484. 323414
2485. 323421
2486. 323422
2487. 323423
2488. 323424
2489. 323431
2490. 323432
2491. 323433
2492. 323434
2493. 323441
2494. 323442
2495. 323443
2496. 323444
2497. 324111
2498. 324112
2499. 324113
2500. 324114
2501. 324121
2502. 324122
2503. 324123
2504. 324124
2505. 324131
2506. 324132
2507. 324133
2508. 324134
2509. 324141
2510. 324142
2511. 324143
2512. 324144
2513. 324211
2514. 324212
2515. 324213
2516. 324214
2517. 324221
2518. 324222
2519. 324223
2520. 324224
2521. 324231
2522. 324232
2523. 324233
2524. 324234
2525. 324241
2526. 324242
2527. 324243
2528. 324244
2529. 324311
2530. 324312
2531. 324313
2532. 324314
2533. 324321
2534. 324322
2535. 324323
2536. 324324
2537. 324331
2538. 324332
2539. 324333
2540. 324334
2541. 324341
2542. 324342
2543. 324343
2544. 324344
2545. 324411
2546. 324412
2547. 324413
2548. 324414
2549. 324421
2550. 324422
2551. 324423
2552. 324424
2553. 324431
2554. 324432
2555. 324433
2556. 324434
2557. 324441
2558. 324442
2559. 324443
2560. 324444
2561. 331111
2562. 331112
2563. 331113
2564. 331114
2565. 331121
2566. 331122
2567. 331123
2568. 331124
2569. 331131
2570. 331132
2571. 331133
2572. 331134
2573. 331141
2574. 331142
2575. 331143
2576. 331144
2577. 331211
2578. 331212
2579. 331213
2580. 331214
2581. 331221
2582. 331222
2583. 331223
2584. 331224
2585. 331231
2586. 331232
2587. 331233
2588. 331234
2589. 331241
2590. 331242
2591. 331243
2592. 331244
2593. 331311
2594. 331312
2595. 331313
2596. 331314
2597. 331321
2598. 331322
2599. 331323
2600. 331324
2601. 331331
2602. 331332
2603. 331333
2604. 331334
2605. 331341
2606. 331342
2607. 331343
2608. 331344
2609. 331411
2610. 331412
2611. 331413
2612. 331414
2613. 331421
2614. 331422
2615. 331423
2616. 331424
2617. 331431
2618. 331432
2619. 331433
2620. 331434
2621. 331441
2622. 331442
2623. 331443
2624. 331444
2625. 332111
2626. 332112
2627. 332113
2628. 332114
2629. 332121
2630. 332122
2631. 332123
2632. 332124
2633. 332131
2634. 332132
2635. 332133
2636. 332134
2637. 332141
2638. 332142
2639. 332143
2640. 332144
2641. 332211
2642. 332212
2643. 332213
2644. 332214
2645. 332221
2646. 332222
2647. 332223
2648. 332224
2649. 332231
2650. 332232
2651. 332233
2652. 332234
2653. 332241
2654. 332242
2655. 332243
2656. 332244
2657. 332311
2658. 332312
2659. 332313
2660. 332314
2661. 332321
2662. 332322
2663. 332323
2664. 332324
2665. 332331
2666. 332332
2667. 332333
2668. 332334
2669. 332341
2670. 332342
2671. 332343
2672. 332344
2673. 332411
2674. 332412
2675. 332413
2676. 332414
2677. 332421
2678. 332422
2679. 332423
2680. 332424
2681. 332431
2682. 332432
2683. 332433
2684. 332434
2685. 332441
2686. 332442
2687. 332443
2688. 332444
2689. 333111
2690. 333112
2691. 333113
2692. 333114
2693. 333121
2694. 333122
2695. 333123
2696. 333124
2697. 333131
2698. 333132
2699. 333133
2700. 333134
2701. 333141
2702. 333142
2703. 333143
2704. 333144
2705. 333211
2706. 333212
2707. 333213
2708. 333214
2709. 333221
2710. 333222
2711. 333223
2712. 333224
2713. 333231
2714. 333232
2715. 333233
2716. 333234
2717. 333241
2718. 333242
2719. 333243
2720. 333244
2721. 333311
2722. 333312
2723. 333313
2724. 333314
2725. 333321
2726. 333322
2727. 333323
2728. 333324
2729. 333331
2730. 333332
2731. 333333
2732. 333334
2733. 333341
2734. 333342
2735. 333343
2736. 333344
2737. 333411
2738. 333412
2739. 333413
2740. 333414
2741. 333421
2742. 333422
2743. 333423
2744. 333424
2745. 333431
2746. 333432
2747. 333433
2748. 333434
2749. 333441
2750. 333442
2751. 333443
2752. 333444
2753. 334111
2754. 334112
2755. 334113
2756. 334114
2757. 334121
2758. 334122
2759. 334123
2760. 334124
2761. 334131
2762. 334132
2763. 334133
2764. 334134
2765. 334141
2766. 334142
2767. 334143
2768. 334144
2769. 334211
2770. 334212
2771. 334213
2772. 334214
2773. 334221
2774. 334222
2775. 334223
2776. 334224
2777. 334231
2778. 334232
2779. 334233
2780. 334234
2781. 334241
2782. 334242
2783. 334243
2784. 334244
2785. 334311
2786. 334312
2787. 334313
2788. 334314
2789. 334321
2790. 334322
2791. 334323
2792. 334324
2793. 334331
2794. 334332
2795. 334333
2796. 334334
2797. 334341
2798. 334342
2799. 334343
2800. 334344
2801. 334411
2802. 334412
2803. 334413
2804. 334414
2805. 334421
2806. 334422
2807. 334423
2808. 334424
2809. 334431
2810. 334432
2811. 334433
2812. 334434
2813. 334441
2814. 334442
2815. 334443
2816. 334444
2817. 341111
2818. 341112
2819. 341113
2820. 341114
2821. 341121
2822. 341122
2823. 341123
2824. 341124
2825. 341131
2826. 341132
2827. 341133
2828. 341134
2829. 341141
2830. 341142
2831. 341143
2832. 341144
2833. 341211
2834. 341212
2835. 341213
2836. 341214
2837. 341221
2838. 341222
2839. 341223
2840. 341224
2841. 341231
2842. 341232
2843. 341233
2844. 341234
2845. 341241
2846. 341242
2847. 341243
2848. 341244
2849. 341311
2850. 341312
2851. 341313
2852. 341314
2853. 341321
2854. 341322
2855. 341323
2856. 341324
2857. 341331
2858. 341332
2859. 341333
2860. 341334
2861. 341341
2862. 341342
2863. 341343
2864. 341344
2865. 341411
2866. 341412
2867. 341413
2868. 341414
2869. 341421
2870. 341422
2871. 341423
2872. 341424
2873. 341431
2874. 341432
2875. 341433
2876. 341434
2877. 341441
2878. 341442
2879. 341443
2880. 341444
2881. 342111
2882. 342112
2883. 342113
2884. 342114
2885. 342121
2886. 342122
2887. 342123
2888. 342124
2889. 342131
2890. 342132
2891. 342133
2892. 342134
2893. 342141
2894. 342142
2895. 342143
2896. 342144
2897. 342211
2898. 342212
2899. 342213
2900. 342214
2901. 342221
2902. 342222
2903. 342223
2904. 342224
2905. 342231
2906. 342232
2907. 342233
2908. 342234
2909. 342241
2910. 342242
2911. 342243
2912. 342244
2913. 342311
2914. 342312
2915. 342313
2916. 342314
2917. 342321
2918. 342322
2919. 342323
2920. 342324
2921. 342331
2922. 342332
2923. 342333
2924. 342334
2925. 342341
2926. 342342
2927. 342343
2928. 342344
2929. 342411
2930. 342412
2931. 342413
2932. 342414
2933. 342421
2934. 342422
2935. 342423
2936. 342424
2937. 342431
2938. 342432
2939. 342433
2940. 342434
2941. 342441
2942. 342442
2943. 342443
2944. 342444
2945. 343111
2946. 343112
2947. 343113
2948. 343114
2949. 343121
2950. 343122
2951. 343123
2952. 343124
2953. 343131
2954. 343132
2955. 343133
2956. 343134
2957. 343141
2958. 343142
2959. 343143
2960. 343144
2961. 343211
2962. 343212
2963. 343213
2964. 343214
2965. 343221
2966. 343222
2967. 343223
2968. 343224
2969. 343231
2970. 343232
2971. 343233
2972. 343234
2973. 343241
2974. 343242
2975. 343243
2976. 343244
2977. 343311
2978. 343312
2979. 343313
2980. 343314
2981. 343321
2982. 343322
2983. 343323
2984. 343324
2985. 343331
2986. 343332
2987. 343333
2988. 343334
2989. 343341
2990. 343342
2991. 343343
2992. 343344
2993. 343411
2994. 343412
2995. 343413
2996. 343414
2997. 343421
2998. 343422
2999. 343423
3000. 343424
3001. 343431
3002. 343432
3003. 343433
3004. 343434
3005. 343441
3006. 343442
3007. 343443
3008. 343444
3009. 344111
3010. 344112
3011. 344113
3012. 344114
3013. 344121
3014. 344122
3015. 344123
3016. 344124
3017. 344131
3018. 344132
3019. 344133
3020. 344134
3021. 344141
3022. 344142
3023. 344143
3024. 344144
3025. 344211
3026. 344212
3027. 344213
3028. 344214
3029. 344221
3030. 344222
3031. 344223
3032. 344224
3033. 344231
3034. 344232
3035. 344233
3036. 344234
3037. 344241
3038. 344242
3039. 344243
3040. 344244
3041. 344311
3042. 344312
3043. 344313
3044. 344314
3045. 344321
3046. 344322
3047. 344323
3048. 344324
3049. 344331
3050. 344332
3051. 344333
3052. 344334
3053. 344341
3054. 344342
3055. 344343
3056. 344344
3057. 344411
3058. 344412
3059. 344413
3060. 344414
3061. 344421
3062. 344422
3063. 344423
3064. 344424
3065. 344431
3066. 344432
3067. 344433
3068. 344434
3069. 344441
3070. 344442
3071. 344443
3072. 344444
3073. 411111
3074. 411112
3075. 411113
3076. 411114
3077. 411121
3078. 411122
3079. 411123
3080. 411124
3081. 411131
3082. 411132
3083. 411133
3084. 411134
3085. 411141
3086. 411142
3087. 411143
3088. 411144
3089. 411211
3090. 411212
3091. 411213
3092. 411214
3093. 411221
3094. 411222
3095. 411223
3096. 411224
3097. 411231
3098. 411232
3099. 411233
3100. 411234
3101. 411241
3102. 411242
3103. 411243
3104. 411244
3105. 411311
3106. 411312
3107. 411313
3108. 411314
3109. 411321
3110. 411322
3111. 411323
3112. 411324
3113. 411331
3114. 411332
3115. 411333
3116. 411334
3117. 411341
3118. 411342
3119. 411343
3120. 411344
3121. 411411
3122. 411412
3123. 411413
3124. 411414
3125. 411421
3126. 411422
3127. 411423
3128. 411424
3129. 411431
3130. 411432
3131. 411433
3132. 411434
3133. 411441
3134. 411442
3135. 411443
3136. 411444
3137. 412111
3138. 412112
3139. 412113
3140. 412114
3141. 412121
3142. 412122
3143. 412123
3144. 412124
3145. 412131
3146. 412132
3147. 412133
3148. 412134
3149. 412141
3150. 412142
3151. 412143
3152. 412144
3153. 412211
3154. 412212
3155. 412213
3156. 412214
3157. 412221
3158. 412222
3159. 412223
3160. 412224
3161. 412231
3162. 412232
3163. 412233
3164. 412234
3165. 412241
3166. 412242
3167. 412243
3168. 412244
3169. 412311
3170. 412312
3171. 412313
3172. 412314
3173. 412321
3174. 412322
3175. 412323
3176. 412324
3177. 412331
3178. 412332
3179. 412333
3180. 412334
3181. 412341
3182. 412342
3183. 412343
3184. 412344
3185. 412411
3186. 412412
3187. 412413
3188. 412414
3189. 412421
3190. 412422
3191. 412423
3192. 412424
3193. 412431
3194. 412432
3195. 412433
3196. 412434
3197. 412441
3198. 412442
3199. 412443
3200. 412444
3201. 413111
3202. 413112
3203. 413113
3204. 413114
3205. 413121
3206. 413122
3207. 413123
3208. 413124
3209. 413131
3210. 413132
3211. 413133
3212. 413134
3213. 413141
3214. 413142
3215. 413143
3216. 413144
3217. 413211
3218. 413212
3219. 413213
3220. 413214
3221. 413221
3222. 413222
3223. 413223
3224. 413224
3225. 413231
3226. 413232
3227. 413233
3228. 413234
3229. 413241
3230. 413242
3231. 413243
3232. 413244
3233. 413311
3234. 413312
3235. 413313
3236. 413314
3237. 413321
3238. 413322
3239. 413323
3240. 413324
3241. 413331
3242. 413332
3243. 413333
3244. 413334
3245. 413341
3246. 413342
3247. 413343
3248. 413344
3249. 413411
3250. 413412
3251. 413413
3252. 413414
3253. 413421
3254. 413422
3255. 413423
3256. 413424
3257. 413431
3258. 413432
3259. 413433
3260. 413434
3261. 413441
3262. 413442
3263. 413443
3264. 413444
3265. 414111
3266. 414112
3267. 414113
3268. 414114
3269. 414121
3270. 414122
3271. 414123
3272. 414124
3273. 414131
3274. 414132
3275. 414133
3276. 414134
3277. 414141
3278. 414142
3279. 414143
3280. 414144
3281. 414211
3282. 414212
3283. 414213
3284. 414214
3285. 414221
3286. 414222
3287. 414223
3288. 414224
3289. 414231
3290. 414232
3291. 414233
3292. 414234
3293. 414241
3294. 414242
3295. 414243
3296. 414244
3297. 414311
3298. 414312
3299. 414313
3300. 414314
3301. 414321
3302. 414322
3303. 414323
3304. 414324
3305. 414331
3306. 414332
3307. 414333
3308. 414334
3309. 414341
3310. 414342
3311. 414343
3312. 414344
3313. 414411
3314. 414412
3315. 414413
3316. 414414
3317. 414421
3318. 414422
3319. 414423
3320. 414424
3321. 414431
3322. 414432
3323. 414433
3324. 414434
3325. 414441
3326. 414442
3327. 414443
3328. 414444
3329. 421111
3330. 421112
3331. 421113
3332. 421114
3333. 421121
3334. 421122
3335. 421123
3336. 421124
3337. 421131
3338. 421132
3339. 421133
3340. 421134
3341. 421141
3342. 421142
3343. 421143
3344. 421144
3345. 421211
3346. 421212
3347. 421213
3348. 421214
3349. 421221
3350. 421222
3351. 421223
3352. 421224
3353. 421231
3354. 421232
3355. 421233
3356. 421234
3357. 421241
3358. 421242
3359. 421243
3360. 421244
3361. 421311
3362. 421312
3363. 421313
3364. 421314
3365. 421321
3366. 421322
3367. 421323
3368. 421324
3369. 421331
3370. 421332
3371. 421333
3372. 421334
3373. 421341
3374. 421342
3375. 421343
3376. 421344
3377. 421411
3378. 421412
3379. 421413
3380. 421414
3381. 421421
3382. 421422
3383. 421423
3384. 421424
3385. 421431
3386. 421432
3387. 421433
3388. 421434
3389. 421441
3390. 421442
3391. 421443
3392. 421444
3393. 422111
3394. 422112
3395. 422113
3396. 422114
3397. 422121
3398. 422122
3399. 422123
3400. 422124
3401. 422131
3402. 422132
3403. 422133
3404. 422134
3405. 422141
3406. 422142
3407. 422143
3408. 422144
3409. 422211
3410. 422212
3411. 422213
3412. 422214
3413. 422221
3414. 422222
3415. 422223
3416. 422224
3417. 422231
3418. 422232
3419. 422233
3420. 422234
3421. 422241
3422. 422242
3423. 422243
3424. 422244
3425. 422311
3426. 422312
3427. 422313
3428. 422314
3429. 422321
3430. 422322
3431. 422323
3432. 422324
3433. 422331
3434. 422332
3435. 422333
3436. 422334
3437. 422341
3438. 422342
3439. 422343
3440. 422344
3441. 422411
3442. 422412
3443. 422413
3444. 422414
3445. 422421
3446. 422422
3447. 422423
3448. 422424
3449. 422431
3450. 422432
3451. 422433
3452. 422434
3453. 422441
3454. 422442
3455. 422443
3456. 422444
3457. 423111
3458. 423112
3459. 423113
3460. 423114
3461. 423121
3462. 423122
3463. 423123
3464. 423124
3465. 423131
3466. 423132
3467. 423133
3468. 423134
3469. 423141
3470. 423142
3471. 423143
3472. 423144
3473. 423211
3474. 423212
3475. 423213
3476. 423214
3477. 423221
3478. 423222
3479. 423223
3480. 423224
3481. 423231
3482. 423232
3483. 423233
3484. 423234
3485. 423241
3486. 423242
3487. 423243
3488. 423244
3489. 423311
3490. 423312
3491. 423313
3492. 423314
3493. 423321
3494. 423322
3495. 423323
3496. 423324
3497. 423331
3498. 423332
3499. 423333
3500. 423334
3501. 423341
3502. 423342
3503. 423343
3504. 423344
3505. 423411
3506. 423412
3507. 423413
3508. 423414
3509. 423421
3510. 423422
3511. 423423
3512. 423424
3513. 423431
3514. 423432
3515. 423433
3516. 423434
3517. 423441
3518. 423442
3519. 423443
3520. 423444
3521. 424111
3522. 424112
3523. 424113
3524. 424114
3525. 424121
3526. 424122
3527. 424123
3528. 424124
3529. 424131
3530. 424132
3531. 424133
3532. 424134
3533. 424141
3534. 424142
3535. 424143
3536. 424144
3537. 424211
3538. 424212
3539. 424213
3540. 424214
3541. 424221
3542. 424222
3543. 424223
3544. 424224
3545. 424231
3546. 424232
3547. 424233
3548. 424234
3549. 424241
3550. 424242
3551. 424243
3552. 424244
3553. 424311
3554. 424312
3555. 424313
3556. 424314
3557. 424321
3558. 424322
3559. 424323
3560. 424324
3561. 424331
3562. 424332
3563. 424333
3564. 424334
3565. 424341
3566. 424342
3567. 424343
3568. 424344
3569. 424411
3570. 424412
3571. 424413
3572. 424414
3573. 424421
3574. 424422
3575. 424423
3576. 424424
3577. 424431
3578. 424432
3579. 424433
3580. 424434
3581. 424441
3582. 424442
3583. 424443
3584. 424444
3585. 431111
3586. 431112
3587. 431113
3588. 431114
3589. 431121
3590. 431122
3591. 431123
3592. 431124
3593. 431131
3594. 431132
3595. 431133
3596. 431134
3597. 431141
3598. 431142
3599. 431143
3600. 431144
3601. 431211
3602. 431212
3603. 431213
3604. 431214
3605. 431221
3606. 431222
3607. 431223
3608. 431224
3609. 431231
3610. 431232
3611. 431233
3612. 431234
3613. 431241
3614. 431242
3615. 431243
3616. 431244
3617. 431311
3618. 431312
3619. 431313
3620. 431314
3621. 431321
3622. 431322
3623. 431323
3624. 431324
3625. 431331
3626. 431332
3627. 431333
3628. 431334
3629. 431341
3630. 431342
3631. 431343
3632. 431344
3633. 431411
3634. 431412
3635. 431413
3636. 431414
3637. 431421
3638. 431422
3639. 431423
3640. 431424
3641. 431431
3642. 431432
3643. 431433
3644. 431434
3645. 431441
3646. 431442
3647. 431443
3648. 431444
3649. 432111
3650. 432112
3651. 432113
3652. 432114
3653. 432121
3654. 432122
3655. 432123
3656. 432124
3657. 432131
3658. 432132
3659. 432133
3660. 432134
3661. 432141
3662. 432142
3663. 432143
3664. 432144
3665. 432211
3666. 432212
3667. 432213
3668. 432214
3669. 432221
3670. 432222
3671. 432223
3672. 432224
3673. 432231
3674. 432232
3675. 432233
3676. 432234
3677. 432241
3678. 432242
3679. 432243
3680. 432244
3681. 432311
3682. 432312
3683. 432313
3684. 432314
3685. 432321
3686. 432322
3687. 432323
3688. 432324
3689. 432331
3690. 432332
3691. 432333
3692. 432334
3693. 432341
3694. 432342
3695. 432343
3696. 432344
3697. 432411
3698. 432412
3699. 432413
3700. 432414
3701. 432421
3702. 432422
3703. 432423
3704. 432424
3705. 432431
3706. 432432
3707. 432433
3708. 432434
3709. 432441
3710. 432442
3711. 432443
3712. 432444
3713. 433111
3714. 433112
3715. 433113
3716. 433114
3717. 433121
3718. 433122
3719. 433123
3720. 433124
3721. 433131
3722. 433132
3723. 433133
3724. 433134
3725. 433141
3726. 433142
3727. 433143
3728. 433144
3729. 433211
3730. 433212
3731. 433213
3732. 433214
3733. 433221
3734. 433222
3735. 433223
3736. 433224
3737. 433231
3738. 433232
3739. 433233
3740. 433234
3741. 433241
3742. 433242
3743. 433243
3744. 433244
3745. 433311
3746. 433312
3747. 433313
3748. 433314
3749. 433321
3750. 433322
3751. 433323
3752. 433324
3753. 433331
3754. 433332
3755. 433333
3756. 433334
3757. 433341
3758. 433342
3759. 433343
3760. 433344
3761. 433411
3762. 433412
3763. 433413
3764. 433414
3765. 433421
3766. 433422
3767. 433423
3768. 433424
3769. 433431
3770. 433432
3771. 433433
3772. 433434
3773. 433441
3774. 433442
3775. 433443
3776. 433444
3777. 434111
3778. 434112
3779. 434113
3780. 434114
3781. 434121
3782. 434122
3783. 434123
3784. 434124
3785. 434131
3786. 434132
3787. 434133
3788. 434134
3789. 434141
3790. 434142
3791. 434143
3792. 434144
3793. 434211
3794. 434212
3795. 434213
3796. 434214
3797. 434221
3798. 434222
3799. 434223
3800. 434224
3801. 434231
3802. 434232
3803. 434233
3804. 434234
3805. 434241
3806. 434242
3807. 434243
3808. 434244
3809. 434311
3810. 434312
3811. 434313
3812. 434314
3813. 434321
3814. 434322
3815. 434323
3816. 434324
3817. 434331
3818. 434332
3819. 434333
3820. 434334
3821. 434341
3822. 434342
3823. 434343
3824. 434344
3825. 434411
3826. 434412
3827. 434413
3828. 434414
3829. 434421
3830. 434422
3831. 434423
3832. 434424
3833. 434431
3834. 434432
3835. 434433
3836. 434434
3837. 434441
3838. 434442
3839. 434443
3840. 434444
3841. 441111
3842. 441112
3843. 441113
3844. 441114
3845. 441121
3846. 441122
3847. 441123
3848. 441124
3849. 441131
3850. 441132
3851. 441133
3852. 441134
3853. 441141
3854. 441142
3855. 441143
3856. 441144
3857. 441211
3858. 441212
3859. 441213
3860. 441214
3861. 441221
3862. 441222
3863. 441223
3864. 441224
3865. 441231
3866. 441232
3867. 441233
3868. 441234
3869. 441241
3870. 441242
3871. 441243
3872. 441244
3873. 441311
3874. 441312
3875. 441313
3876. 441314
3877. 441321
3878. 441322
3879. 441323
3880. 441324
3881. 441331
3882. 441332
3883. 441333
3884. 441334
3885. 441341
3886. 441342
3887. 441343
3888. 441344
3889. 441411
3890. 441412
3891. 441413
3892. 441414
3893. 441421
3894. 441422
3895. 441423
3896. 441424
3897. 441431
3898. 441432
3899. 441433
3900. 441434
3901. 441441
3902. 441442
3903. 441443
3904. 441444
3905. 442111
3906. 442112
3907. 442113
3908. 442114
3909. 442121
3910. 442122
3911. 442123
3912. 442124
3913. 442131
3914. 442132
3915. 442133
3916. 442134
3917. 442141
3918. 442142
3919. 442143
3920. 442144
3921. 442211
3922. 442212
3923. 442213
3924. 442214
3925. 442221
3926. 442222
3927. 442223
3928. 442224
3929. 442231
3930. 442232
3931. 442233
3932. 442234
3933. 442241
3934. 442242
3935. 442243
3936. 442244
3937. 442311
3938. 442312
3939. 442313
3940. 442314
3941. 442321
3942. 442322
3943. 442323
3944. 442324
3945. 442331
3946. 442332
3947. 442333
3948. 442334
3949. 442341
3950. 442342
3951. 442343
3952. 442344
3953. 442411
3954. 442412
3955. 442413
3956. 442414
3957. 442421
3958. 442422
3959. 442423
3960. 442424
3961. 442431
3962. 442432
3963. 442433
3964. 442434
3965. 442441
3966. 442442
3967. 442443
3968. 442444
3969. 443111
3970. 443112
3971. 443113
3972. 443114
3973. 443121
3974. 443122
3975. 443123
3976. 443124
3977. 443131
3978. 443132
3979. 443133
3980. 443134
3981. 443141
3982. 443142
3983. 443143
3984. 443144
3985. 443211
3986. 443212
3987. 443213
3988. 443214
3989. 443221
3990. 443222
3991. 443223
3992. 443224
3993. 443231
3994. 443232
3995. 443233
3996. 443234
3997. 443241
3998. 443242
3999. 443243
4000. 443244
4001. 443311
4002. 443312
4003. 443313
4004. 443314
4005. 443321
4006. 443322
4007. 443323
4008. 443324
4009. 443331
4010. 443332
4011. 443333
4012. 443334
4013. 443341
4014. 443342
4015. 443343
4016. 443344
4017. 443411
4018. 443412
4019. 443413
4020. 443414
4021. 443421
4022. 443422
4023. 443423
4024. 443424
4025. 443431
4026. 443432
4027. 443433
4028. 443434
4029. 443441
4030. 443442
4031. 443443
4032. 443444
4033. 444111
4034. 444112
4035. 444113
4036. 444114
4037. 444121
4038. 444122
4039. 444123
4040. 444124
4041. 444131
4042. 444132
4043. 444133
4044. 444134
4045. 444141
4046. 444142
4047. 444143
4048. 444144
4049. 444211
4050. 444212
4051. 444213
4052. 444214
4053. 444221
4054. 444222
4055. 444223
4056. 444224
4057. 444231
4058. 444232
4059. 444233
4060. 444234
4061. 444241
4062. 444242
4063. 444243
4064. 444244
4065. 444311
4066. 444312
4067. 444313
4068. 444314
4069. 444321
4070. 444322
4071. 444323
4072. 444324
4073. 444331
4074. 444332
4075. 444333
4076. 444334
4077. 444341
4078. 444342
4079. 444343
4080. 444344
4081. 444411
4082. 444412
4083. 444413
4084. 444414
4085. 444421
4086. 444422
4087. 444423
4088. 444424
4089. 444431
4090. 444432
4091. 444433
4092. 444434
4093. 444441
4094. 444442
4095. 444443
4096. 444444

Unique Sequences
1. 111111
2. 111112
3. 111113
4. 111114
5. 111122
6. 111123
7. 111124
8. 111132
9. 111133
10. 111134
11. 111142
12. 111143
13. 111144
14. 111212
15. 111213
16. 111214
17. 111222
18. 111223
19. 111224
20. 111232
21. 111233
22. 111234
23. 111242
24. 111243
25. 111244
26. 111312
27. 111313
28. 111314
29. 111322
30. 111323
31. 111324
32. 111332
33. 111333
34. 111334
35. 111342
36. 111343
37. 111344
38. 111412
39. 111413
40. 111414
41. 111422
42. 111423
43. 111424
44. 111432
45. 111433
46. 111434
47. 111442
48. 111443
49. 111444
50. 112112
51. 112113
52. 112114
53. 112122
54. 112123
55. 112124
56. 112132
57. 112133
58. 112134
59. 112142
60. 112143
61. 112144
62. 112212
63. 112213
64. 112214
65. 112222
66. 112223
67. 112224
68. 112232
69. 112233
70. 112234
71. 112242
72. 112243
73. 112244
74. 112312
75. 112313
76. 112314
77. 112322
78. 112323
79. 112324
80. 112332
81. 112333
82. 112334
83. 112342
84. 112343
85. 112344
86. 112412
87. 112413
88. 112414
89. 112422
90. 112423
91. 112424
92. 112432
93. 112433
94. 112434
95. 112442
96. 112443
97. 112444
98. 113113
99. 113114
100. 113122
101. 113123
102. 113124
103. 113132
104. 113133
105. 113134
106. 113142
107. 113143
108. 113144
109. 113212
110. 113213
111. 113214
112. 113222
113. 113223
114. 113224
115. 113232
116. 113233
117. 113234
118. 113242
119. 113243
120. 113244
121. 113312
122. 113313
123. 113314
124. 113322
125. 113323
126. 113324
127. 113332
128. 113333
129. 113334
130. 113342
131. 113343
132. 113344
133. 113412
134. 113413
135. 113414
136. 113422
137. 113423
138. 113424
139. 113432
140. 113433
141. 113434
142. 113442
143. 113443
144. 113444
145. 114114
146. 114122
147. 114123
148. 114124
149. 114132
150. 114133
151. 114134
152. 114142
153. 114143
154. 114144
155. 114212
156. 114213
157. 114214
158. 114222
159. 114223
160. 114224
161. 114232
162. 114233
163. 114234
164. 114242
165. 114243
166. 114244
167. 114312
168. 114313
169. 114314
170. 114322
171. 114323
172. 114324
173. 114332
174. 114333
175. 114334
176. 114342
177. 114343
178. 114344
179. 114412
180. 114413
181. 114414
182. 114422
183. 114423
184. 114424
185. 114432
186. 114433
187. 114434
188. 114442
189. 114443
190. 114444
191. 121212
192. 121213
193. 121214
194. 121222
195. 121223
196. 121224
197. 121232
198. 121233
199. 121234
200. 121242
201. 121243
202. 121244
203. 121313
204. 121314
205. 121322
206. 121323
207. 121324
208. 121332
209. 121333
210. 121334
211. 121342
212. 121343
213. 121344
214. 121413
215. 121414
216. 121422
217. 121423
218. 121424
219. 121432
220. 121433
221. 121434
222. 121442
223. 121443
224. 121444
225. 122122
226. 122123
227. 122124
228. 122132
229. 122133
230. 122134
231. 122142
232. 122143
233. 122144
234. 122213
235. 122214
236. 122222
237. 122223
238. 122224
239. 122232
240. 122233
241. 122234
242. 122242
243. 122243
244. 122244
245. 122313
246. 122314
247. 122322
248. 122323
249. 122324
250. 122332
251. 122333
252. 122334
253. 122342
254. 122343
255. 122344
256. 122413
257. 122414
258. 122422
259. 122423
260. 122424
261. 122432
262. 122433
263. 122434
264. 122442
265. 122443
266. 122444
267. 123123
268. 123124
269. 123132
270. 123133
271. 123134
272. 123142
273. 123143
274. 123144
275. 123213
276. 123214
277. 123222
278. 123223
279. 123224
280. 123232
281. 123233
282. 123234
283. 123242
284. 123243
285. 123244
286. 123313
287. 123314
288. 123322
289. 123323
290. 123324
291. 123332
292. 123333
293. 123334
294. 123342
295. 123343
296. 123344
297. 123413
298. 123414
299. 123422
300. 123423
301. 123424
302. 123432
303. 123433
304. 123434
305. 123442
306. 123443
307. 123444
308. 124124
309. 124132
310. 124133
311. 124134
312. 124142
313. 124143
314. 124144
315. 124213
316. 124214
317. 124222
318. 124223
319. 124224
320. 124232
321. 124233
322. 124234
323. 124242
324. 124243
325. 124244
326. 124313
327. 124314
328. 124322
329. 124323
330. 124324
331. 124332
332. 124333
333. 124334
334. 124342
335. 124343
336. 124344
337. 124413
338. 124414
339. 124422
340. 124423
341. 124424
342. 124432
343. 124433
344. 124434
345. 124442
346. 124443
347. 124444
348. 131313
349. 131314
350. 131322
351. 131323
352. 131324
353. 131332
354. 131333
355. 131334
356. 131342
357. 131343
358. 131344
359. 131414
360. 131422
361. 131423
362. 131424
363. 131432
364. 131433
365. 131434
366. 131442
367. 131443
368. 131444
369. 132132
370. 132133
371. 132134
372. 132142
373. 132143
374. 132144
375. 132214
376. 132222
377. 132223
378. 132224
379. 132232
380. 132233
381. 132234
382. 132242
383. 132243
384. 132244
385. 132314
386. 132322
387. 132323
388. 132324
389. 132332
390. 132333
391. 132334
392. 132342
393. 132343
394. 132344
395. 132414
396. 132422
397. 132423
398. 132424
399. 132432
400. 132433
401. 132434
402. 132442
403. 132443
404. 132444
405. 133133
406. 133134
407. 133142
408. 133143
409. 133144
410. 133214
411. 133222
412. 133223
413. 133224
414. 133232
415. 133233
416. 133234
417. 133242
418. 133243
419. 133244
420. 133314
421. 133322
422. 133323
423. 133324
424. 133332
425. 133333
426. 133334
427. 133342
428. 133343
429. 133344
430. 133414
431. 133422
432. 133423
433. 133424
434. 133432
435. 133433
436. 133434
437. 133442
438. 133443
439. 133444
440. 134134
441. 134142
442. 134143
443. 134144
444. 134214
445. 134222
446. 134223
447. 134224
448. 134232
449. 134233
450. 134234
451. 134242
452. 134243
453. 134244
454. 134314
455. 134322
456. 134323
457. 134324
458. 134332
459. 134333
460. 134334
461. 134342
462. 134343
463. 134344
464. 134414
465. 134422
466. 134423
467. 134424
468. 134432
469. 134433
470. 134434
471. 134442
472. 134443
473. 134444
474. 141414
475. 141422
476. 141423
477. 141424
478. 141432
479. 141433
480. 141434
481. 141442
482. 141443
483. 141444
484. 142142
485. 142143
486. 142144
487. 142222
488. 142223
489. 142224
490. 142232
491. 142233
492. 142234
493. 142242
494. 142243
495. 142244
496. 142322
497. 142323
498. 142324
499. 142332
500. 142333
501. 142334
502. 142342
503. 142343
504. 142344
505. 142422
506. 142423
507. 142424
508. 142432
509. 142433
510. 142434
511. 142442
512. 142443
513. 142444
514. 143143
515. 143144
516. 143222
517. 143223
518. 143224
519. 143232
520. 143233
521. 143234
522. 143242
523. 143243
524. 143244
525. 143322
526. 143323
527. 143324
528. 143332
529. 143333
530. 143334
531. 143342
532. 143343
533. 143344
534. 143422
535. 143423
536. 143424
537. 143432
538. 143433
539. 143434
540. 143442
541. 143443
542. 143444
543. 144144
544. 144222
545. 144223
546. 144224
547. 144232
548. 144233
549. 144234
550. 144242
551. 144243
552. 144244
553. 144322
554. 144323
555. 144324
556. 144332
557. 144333
558. 144334
559. 144342
560. 144343
561. 144344
562. 144422
563. 144423
564. 144424
565. 144432
566. 144433
567. 144434
568. 144442
569. 144443
570. 144444
571. 222222
572. 222223
573. 222224
574. 222233
575. 222234
576. 222243
577. 222244
578. 222323
579. 222324
580. 222333
581. 222334
582. 222343
583. 222344
584. 222423
585. 222424
586. 222433
587. 222434
588. 222443
589. 222444
590. 223223
591. 223224
592. 223233
593. 223234
594. 223243
595. 223244
596. 223323
597. 223324
598. 223333
599. 223334
600. 223343
601. 223344
602. 223423
603. 223424
604. 223433
605. 223434
606. 223443
607. 223444
608. 224224
609. 224233
610. 224234
611. 224243
612. 224244
613. 224323
614. 224324
615. 224333
616. 224334
617. 224343
618. 224344
619. 224423
620. 224424
621. 224433
622. 224434
623. 224443
624. 224444
625. 232323
626. 232324
627. 232333
628. 232334
629. 232343
630. 232344
631. 232424
632. 232433
633. 232434
634. 232443
635. 232444
636. 233233
637. 233234
638. 233243
639. 233244
640. 233324
641. 233333
642. 233334
643. 233343
644. 233344
645. 233424
646. 233433
647. 233434
648. 233443
649. 233444
650. 234234
651. 234243
652. 234244
653. 234324
654. 234333
655. 234334
656. 234343
657. 234344
658. 234424
659. 234433
660. 234434
661. 234443
662. 234444
663. 242424
664. 242433
665. 242434
666. 242443
667. 242444
668. 243243
669. 243244
670. 243333
671. 243334
672. 243343
673. 243344
674. 243433
675. 243434
676. 243443
677. 243444
678. 244244
679. 244333
680. 244334
681. 244343
682. 244344
683. 244433
684. 244434
685. 244443
686. 244444
687. 333333
688. 333334
689. 333344
690. 333434
691. 333444
692. 334334
693. 334344
694. 334434
695. 334444
696. 343434
697. 343444
698. 344344
699. 344444
700. 444444

Use All Four Mallets
1. 111234
2. 111243
3. 111324
4. 111342
5. 111423
6. 111432
7. 112134
8. 112143
9. 112234
10. 112243
11. 112314
12. 112324
13. 112334
14. 112341
15. 112342
16. 112343
17. 112344
18. 112413
19. 112423
20. 112431
21. 112432
22. 112433
23. 112434
24. 112443
25. 113124
26. 113142
27. 113214
28. 113224
29. 113234
30. 113241
31. 113242
32. 113243
33. 113244
34. 113324
35. 113342
36. 113412
37. 113421
38. 113422
39. 113423
40. 113424
41. 113432
42. 113442
43. 114123
44. 114132
45. 114213
46. 114223
47. 114231
48. 114232
49. 114233
50. 114234
51. 114243
52. 114312
53. 114321
54. 114322
55. 114323
56. 114324
57. 114332
58. 114342
59. 114423
60. 114432
61. 121134
62. 121143
63. 121234
64. 121243
65. 121314
66. 121324
67. 121334
68. 121341
69. 121342
70. 121343
71. 121344
72. 121413
73. 121423
74. 121431
75. 121432
76. 121433
77. 121434
78. 121443
79. 122134
80. 122143
81. 122234
82. 122243
83. 122314
84. 122324
85. 122334
86. 122341
87. 122342
88. 122343
89. 122344
90. 122413
91. 122423
92. 122431
93. 122432
94. 122433
95. 122434
96. 122443
97. 123114
98. 123124
99. 123134
100. 123141
101. 123142
102. 123143
103. 123144
104. 123214
105. 123224
106. 123234
107. 123241
108. 123242
109. 123243
110. 123244
111. 123314
112. 123324
113. 123334
114. 123341
115. 123342
116. 123343
117. 123344
118. 123411
119. 123412
120. 123413
121. 123414
122. 123421
123. 123422
124. 123423
125. 123424
126. 123431
127. 123432
128. 123433
129. 123434
130. 123441
131. 123442
132. 123443
133. 123444
134. 124113
135. 124123
136. 124131
137. 124132
138. 124133
139. 124134
140. 124143
141. 124213
142. 124223
143. 124231
144. 124232
145. 124233
146. 124234
147. 124243
148. 124311
149. 124312
150. 124313
151. 124314
152. 124321
153. 124322
154. 124323
155. 124324
156. 124331
157. 124332
158. 124333
159. 124334
160. 124341
161. 124342
162. 124343
163. 124344
164. 124413
165. 124423
166. 124431
167. 124432
168. 124433
169. 124434
170. 124443
171. 131124
172. 131142
173. 131214
174. 131224
175. 131234
176. 131241
177. 131242
178. 131243
179. 131244
180. 131324
181. 131342
182. 131412
183. 131421
184. 131422
185. 131423
186. 131424
187. 131432
188. 131442
189. 132114
190. 132124
191. 132134
192. 132141
193. 132142
194. 132143
195. 132144
196. 132214
197. 132224
198. 132234
199. 132241
200. 132242
201. 132243
202. 132244
203. 132314
204. 132324
205. 132334
206. 132341
207. 132342
208. 132343
209. 132344
210. 132411
211. 132412
212. 132413
213. 132414
214. 132421
215. 132422
216. 132423
217. 132424
218. 132431
219. 132432
220. 132433
221. 132434
222. 132441
223. 132442
224. 132443
225. 132444
226. 133124
227. 133142
228. 133214
229. 133224
230. 133234
231. 133241
232. 133242
233. 133243
234. 133244
235. 133324
236. 133342
237. 133412
238. 133421
239. 133422
240. 133423
241. 133424
242. 133432
243. 133442
244. 134112
245. 134121
246. 134122
247. 134123
248. 134124
249. 134132
250. 134142
251. 134211
252. 134212
253. 134213
254. 134214
255. 134221
256. 134222
257. 134223
258. 134224
259. 134231
260. 134232
261. 134233
262. 134234
263. 134241
264. 134242
265. 134243
266. 134244
267. 134312
268. 134321
269. 134322
270. 134323
271. 134324
272. 134332
273. 134342
274. 134412
275. 134421
276. 134422
277. 134423
278. 134424
279. 134432
280. 134442
281. 141123
282. 141132
283. 141213
284. 141223
285. 141231
286. 141232
287. 141233
288. 141234
289. 141243
290. 141312
291. 141321
292. 141322
293. 141323
294. 141324
295. 141332
296. 141342
297. 141423
298. 141432
299. 142113
300. 142123
301. 142131
302. 142132
303. 142133
304. 142134
305. 142143
306. 142213
307. 142223
308. 142231
309. 142232
310. 142233
311. 142234
312. 142243
313. 142311
314. 142312
315. 142313
316. 142314
317. 142321
318. 142322
319. 142323
320. 142324
321. 142331
322. 142332
323. 142333
324. 142334
325. 142341
326. 142342
327. 142343
328. 142344
329. 142413
330. 142423
331. 142431
332. 142432
333. 142433
334. 142434
335. 142443
336. 143112
337. 143121
338. 143122
339. 143123
340. 143124
341. 143132
342. 143142
343. 143211
344. 143212
345. 143213
346. 143214
347. 143221
348. 143222
349. 143223
350. 143224
351. 143231
352. 143232
353. 143233
354. 143234
355. 143241
356. 143242
357. 143243
358. 143244
359. 143312
360. 143321
361. 143322
362. 143323
363. 143324
364. 143332
365. 143342
366. 143412
367. 143421
368. 143422
369. 143423
370. 143424
371. 143432
372. 143442
373. 144123
374. 144132
375. 144213
376. 144223
377. 144231
378. 144232
379. 144233
380. 144234
381. 144243
382. 144312
383. 144321
384. 144322
385. 144323
386. 144324
387. 144332
388. 144342
389. 144423
390. 144432
391. 211134
392. 211143
393. 211234
394. 211243
395. 211314
396. 211324
397. 211334
398. 211341
399. 211342
400. 211343
401. 211344
402. 211413
403. 211423
404. 211431
405. 211432
406. 211433
407. 211434
408. 211443
409. 212134
410. 212143
411. 212234
412. 212243
413. 212314
414. 212324
415. 212334
416. 212341
417. 212342
418. 212343
419. 212344
420. 212413
421. 212423
422. 212431
423. 212432
424. 212433
425. 212434
426. 212443
427. 213114
428. 213124
429. 213134
430. 213141
431. 213142
432. 213143
433. 213144
434. 213214
435. 213224
436. 213234
437. 213241
438. 213242
439. 213243
440. 213244
441. 213314
442. 213324
443. 213334
444. 213341
445. 213342
446. 213343
447. 213344
448. 213411
449. 213412
450. 213413
451. 213414
452. 213421
453. 213422
454. 213423
455. 213424
456. 213431
457. 213432
458. 213433
459. 213434
460. 213441
461. 213442
462. 213443
463. 213444
464. 214113
465. 214123
466. 214131
467. 214132
468. 214133
469. 214134
470. 214143
471. 214213
472. 214223
473. 214231
474. 214232
475. 214233
476. 214234
477. 214243
478. 214311
479. 214312
480. 214313
481. 214314
482. 214321
483. 214322
484. 214323
485. 214324
486. 214331
487. 214332
488. 214333
489. 214334
490. 214341
491. 214342
492. 214343
493. 214344
494. 214413
495. 214423
496. 214431
497. 214432
498. 214433
499. 214434
500. 214443
501. 221134
502. 221143
503. 221234
504. 221243
505. 221314
506. 221324
507. 221334
508. 221341
509. 221342
510. 221343
511. 221344
512. 221413
513. 221423
514. 221431
515. 221432
516. 221433
517. 221434
518. 221443
519. 222134
520. 222143
521. 222314
522. 222341
523. 222413
524. 222431
525. 223114
526. 223124
527. 223134
528. 223141
529. 223142
530. 223143
531. 223144
532. 223214
533. 223241
534. 223314
535. 223341
536. 223411
537. 223412
538. 223413
539. 223414
540. 223421
541. 223431
542. 223441
543. 224113
544. 224123
545. 224131
546. 224132
547. 224133
548. 224134
549. 224143
550. 224213
551. 224231
552. 224311
553. 224312
554. 224313
555. 224314
556. 224321
557. 224331
558. 224341
559. 224413
560. 224431
561. 231114
562. 231124
563. 231134
564. 231141
565. 231142
566. 231143
567. 231144
568. 231214
569. 231224
570. 231234
571. 231241
572. 231242
573. 231243
574. 231244
575. 231314
576. 231324
577. 231334
578. 231341
579. 231342
580. 231343
581. 231344
582. 231411
583. 231412
584. 231413
585. 231414
586. 231421
587. 231422
588. 231423
589. 231424
590. 231431
591. 231432
592. 231433
593. 231434
594. 231441
595. 231442
596. 231443
597. 231444
598. 232114
599. 232124
600. 232134
601. 232141
602. 232142
603. 232143
604. 232144
605. 232214
606. 232241
607. 232314
608. 232341
609. 232411
610. 232412
611. 232413
612. 232414
613. 232421
614. 232431
615. 232441
616. 233114
617. 233124
618. 233134
619. 233141
620. 233142
621. 233143
622. 233144
623. 233214
624. 233241
625. 233314
626. 233341
627. 233411
628. 233412
629. 233413
630. 233414
631. 233421
632. 233431
633. 233441
634. 234111
635. 234112
636. 234113
637. 234114
638. 234121
639. 234122
640. 234123
641. 234124
642. 234131
643. 234132
644. 234133
645. 234134
646. 234141
647. 234142
648. 234143
649. 234144
650. 234211
651. 234212
652. 234213
653. 234214
654. 234221
655. 234231
656. 234241
657. 234311
658. 234312
659. 234313
660. 234314
661. 234321
662. 234331
663. 234341
664. 234411
665. 234412
666. 234413
667. 234414
668. 234421
669. 234431
670. 234441
671. 241113
672. 241123
673. 241131
674. 241132
675. 241133
676. 241134
677. 241143
678. 241213
679. 241223
680. 241231
681. 241232
682. 241233
683. 241234
684. 241243
685. 241311
686. 241312
687. 241313
688. 241314
689. 241321
690. 241322
691. 241323
692. 241324
693. 241331
694. 241332
695. 241333
696. 241334
697. 241341
698. 241342
699. 241343
700. 241344
701. 241413
702. 241423
703. 241431
704. 241432
705. 241433
706. 241434
707. 241443
708. 242113
709. 242123
710. 242131
711. 242132
712. 242133
713. 242134
714. 242143
715. 242213
716. 242231
717. 242311
718. 242312
719. 242313
720. 242314
721. 242321
722. 242331
723. 242341
724. 242413
725. 242431
726. 243111
727. 243112
728. 243113
729. 243114
730. 243121
731. 243122
732. 243123
733. 243124
734. 243131
735. 243132
736. 243133
737. 243134
738. 243141
739. 243142
740. 243143
741. 243144
742. 243211
743. 243212
744. 243213
745. 243214
746. 243221
747. 243231
748. 243241
749. 243311
750. 243312
751. 243313
752. 243314
753. 243321
754. 243331
755. 243341
756. 243411
757. 243412
758. 243413
759. 243414
760. 243421
761. 243431
762. 243441
763. 244113
764. 244123
765. 244131
766. 244132
767. 244133
768. 244134
769. 244143
770. 244213
771. 244231
772. 244311
773. 244312
774. 244313
775. 244314
776. 244321
777. 244331
778. 244341
779. 244413
780. 244431
781. 311124
782. 311142
783. 311214
784. 311224
785. 311234
786. 311241
787. 311242
788. 311243
789. 311244
790. 311324
791. 311342
792. 311412
793. 311421
794. 311422
795. 311423
796. 311424
797. 311432
798. 311442
799. 312114
800. 312124
801. 312134
802. 312141
803. 312142
804. 312143
805. 312144
806. 312214
807. 312224
808. 312234
809. 312241
810. 312242
811. 312243
812. 312244
813. 312314
814. 312324
815. 312334
816. 312341
817. 312342
818. 312343
819. 312344
820. 312411
821. 312412
822. 312413
823. 312414
824. 312421
825. 312422
826. 312423
827. 312424
828. 312431
829. 312432
830. 312433
831. 312434
832. 312441
833. 312442
834. 312443
835. 312444
836. 313124
837. 313142
838. 313214
839. 313224
840. 313234
841. 313241
842. 313242
843. 313243
844. 313244
845. 313324
846. 313342
847. 313412
848. 313421
849. 313422
850. 313423
851. 313424
852. 313432
853. 313442
854. 314112
855. 314121
856. 314122
857. 314123
858. 314124
859. 314132
860. 314142
861. 314211
862. 314212
863. 314213
864. 314214
865. 314221
866. 314222
867. 314223
868. 314224
869. 314231
870. 314232
871. 314233
872. 314234
873. 314241
874. 314242
875. 314243
876. 314244
877. 314312
878. 314321
879. 314322
880. 314323
881. 314324
882. 314332
883. 314342
884. 314412
885. 314421
886. 314422
887. 314423
888. 314424
889. 314432
890. 314442
891. 321114
892. 321124
893. 321134
894. 321141
895. 321142
896. 321143
897. 321144
898. 321214
899. 321224
900. 321234
901. 321241
902. 321242
903. 321243
904. 321244
905. 321314
906. 321324
907. 321334
908. 321341
909. 321342
910. 321343
911. 321344
912. 321411
913. 321412
914. 321413
915. 321414
916. 321421
917. 321422
918. 321423
919. 321424
920. 321431
921. 321432
922. 321433
923. 321434
924. 321441
925. 321442
926. 321443
927. 321444
928. 322114
929. 322124
930. 322134
931. 322141
932. 322142
933. 322143
934. 322144
935. 322214
936. 322241
937. 322314
938. 322341
939. 322411
940. 322412
941. 322413
942. 322414
943. 322421
944. 322431
945. 322441
946. 323114
947. 323124
948. 323134
949. 323141
950. 323142
951. 323143
952. 323144
953. 323214
954. 323241
955. 323314
956. 323341
957. 323411
958. 323412
959. 323413
960. 323414
961. 323421
962. 323431
963. 323441
964. 324111
965. 324112
966. 324113
967. 324114
968. 324121
969. 324122
970. 324123
971. 324124
972. 324131
973. 324132
974. 324133
975. 324134
976. 324141
977. 324142
978. 324143
979. 324144
980. 324211
981. 324212
982. 324213
983. 324214
984. 324221
985. 324231
986. 324241
987. 324311
988. 324312
989. 324313
990. 324314
991. 324321
992. 324331
993. 324341
994. 324411
995. 324412
996. 324413
997. 324414
998. 324421
999. 324431
1000. 324441
1001. 331124
1002. 331142
1003. 331214
1004. 331224
1005. 331234
1006. 331241
1007. 331242
1008. 331243
1009. 331244
1010. 331324
1011. 331342
1012. 331412
1013. 331421
1014. 331422
1015. 331423
1016. 331424
1017. 331432
1018. 331442
1019. 332114
1020. 332124
1021. 332134
1022. 332141
1023. 332142
1024. 332143
1025. 332144
1026. 332214
1027. 332241
1028. 332314
1029. 332341
1030. 332411
1031. 332412
1032. 332413
1033. 332414
1034. 332421
1035. 332431
1036. 332441
1037. 333124
1038. 333142
1039. 333214
1040. 333241
1041. 333412
1042. 333421
1043. 334112
1044. 334121
1045. 334122
1046. 334123
1047. 334124
1048. 334132
1049. 334142
1050. 334211
1051. 334212
1052. 334213
1053. 334214
1054. 334221
1055. 334231
1056. 334241
1057. 334312
1058. 334321
1059. 334412
1060. 334421
1061. 341112
1062. 341121
1063. 341122
1064. 341123
1065. 341124
1066. 341132
1067. 341142
1068. 341211
1069. 341212
1070. 341213
1071. 341214
1072. 341221
1073. 341222
1074. 341223
1075. 341224
1076. 341231
1077. 341232
1078. 341233
1079. 341234
1080. 341241
1081. 341242
1082. 341243
1083. 341244
1084. 341312
1085. 341321
1086. 341322
1087. 341323
1088. 341324
1089. 341332
1090. 341342
1091. 341412
1092. 341421
1093. 341422
1094. 341423
1095. 341424
1096. 341432
1097. 341442
1098. 342111
1099. 342112
1100. 342113
1101. 342114
1102. 342121
1103. 342122
1104. 342123
1105. 342124
1106. 342131
1107. 342132
1108. 342133
1109. 342134
1110. 342141
1111. 342142
1112. 342143
1113. 342144
1114. 342211
1115. 342212
1116. 342213
1117. 342214
1118. 342221
1119. 342231
1120. 342241
1121. 342311
1122. 342312
1123. 342313
1124. 342314
1125. 342321
1126. 342331
1127. 342341
1128. 342411
1129. 342412
1130. 342413
1131. 342414
1132. 342421
1133. 342431
1134. 342441
1135. 343112
1136. 343121
1137. 343122
1138. 343123
1139. 343124
1140. 343132
1141. 343142
1142. 343211
1143. 343212
1144. 343213
1145. 343214
1146. 343221
1147. 343231
1148. 343241
1149. 343312
1150. 343321
1151. 343412
1152. 343421
1153. 344112
1154. 344121
1155. 344122
1156. 344123
1157. 344124
1158. 344132
1159. 344142
1160. 344211
1161. 344212
1162. 344213
1163. 344214
1164. 344221
1165. 344231
1166. 344241
1167. 344312
1168. 344321
1169. 344412
1170. 344421
1171. 411123
1172. 411132
1173. 411213
1174. 411223
1175. 411231
1176. 411232
1177. 411233
1178. 411234
1179. 411243
1180. 411312
1181. 411321
1182. 411322
1183. 411323
1184. 411324
1185. 411332
1186. 411342
1187. 411423
1188. 411432
1189. 412113
1190. 412123
1191. 412131
1192. 412132
1193. 412133
1194. 412134
1195. 412143
1196. 412213
1197. 412223
1198. 412231
1199. 412232
1200. 412233
1201. 412234
1202. 412243
1203. 412311
1204. 412312
1205. 412313
1206. 412314
1207. 412321
1208. 412322
1209. 412323
1210. 412324
1211. 412331
1212. 412332
1213. 412333
1214. 412334
1215. 412341
1216. 412342
1217. 412343
1218. 412344
1219. 412413
1220. 412423
1221. 412431
1222. 412432
1223. 412433
1224. 412434
1225. 412443
1226. 413112
1227. 413121
1228. 413122
1229. 413123
1230. 413124
1231. 413132
1232. 413142
1233. 413211
1234. 413212
1235. 413213
1236. 413214
1237. 413221
1238. 413222
1239. 413223
1240. 413224
1241. 413231
1242. 413232
1243. 413233
1244. 413234
1245. 413241
1246. 413242
1247. 413243
1248. 413244
1249. 413312
1250. 413321
1251. 413322
1252. 413323
1253. 413324
1254. 413332
1255. 413342
1256. 413412
1257. 413421
1258. 413422
1259. 413423
1260. 413424
1261. 413432
1262. 413442
1263. 414123
1264. 414132
1265. 414213
1266. 414223
1267. 414231
1268. 414232
1269. 414233
1270. 414234
1271. 414243
1272. 414312
1273. 414321
1274. 414322
1275. 414323
1276. 414324
1277. 414332
1278. 414342
1279. 414423
1280. 414432
1281. 421113
1282. 421123
1283. 421131
1284. 421132
1285. 421133
1286. 421134
1287. 421143
1288. 421213
1289. 421223
1290. 421231
1291. 421232
1292. 421233
1293. 421234
1294. 421243
1295. 421311
1296. 421312
1297. 421313
1298. 421314
1299. 421321
1300. 421322
1301. 421323
1302. 421324
1303. 421331
1304. 421332
1305. 421333
1306. 421334
1307. 421341
1308. 421342
1309. 421343
1310. 421344
1311. 421413
1312. 421423
1313. 421431
1314. 421432
1315. 421433
1316. 421434
1317. 421443
1318. 422113
1319. 422123
1320. 422131
1321. 422132
1322. 422133
1323. 422134
1324. 422143
1325. 422213
1326. 422231
1327. 422311
1328. 422312
1329. 422313
1330. 422314
1331. 422321
1332. 422331
1333. 422341
1334. 422413
1335. 422431
1336. 423111
1337. 423112
1338. 423113
1339. 423114
1340. 423121
1341. 423122
1342. 423123
1343. 423124
1344. 423131
1345. 423132
1346. 423133
1347. 423134
1348. 423141
1349. 423142
1350. 423143
1351. 423144
1352. 423211
1353. 423212
1354. 423213
1355. 423214
1356. 423221
1357. 423231
1358. 423241
1359. 423311
1360. 423312
1361. 423313
1362. 423314
1363. 423321
1364. 423331
1365. 423341
1366. 423411
1367. 423412
1368. 423413
1369. 423414
1370. 423421
1371. 423431
1372. 423441
1373. 424113
1374. 424123
1375. 424131
1376. 424132
1377. 424133
1378. 424134
1379. 424143
1380. 424213
1381. 424231
1382. 424311
1383. 424312
1384. 424313
1385. 424314
1386. 424321
1387. 424331
1388. 424341
1389. 424413
1390. 424431
1391. 431112
1392. 431121
1393. 431122
1394. 431123
1395. 431124
1396. 431132
1397. 431142
1398. 431211
1399. 431212
1400. 431213
1401. 431214
1402. 431221
1403. 431222
1404. 431223
1405. 431224
1406. 431231
1407. 431232
1408. 431233
1409. 431234
1410. 431241
1411. 431242
1412. 431243
1413. 431244
1414. 431312
1415. 431321
1416. 431322
1417. 431323
1418. 431324
1419. 431332
1420. 431342
1421. 431412
1422. 431421
1423. 431422
1424. 431423
1425. 431424
1426. 431432
1427. 431442
1428. 432111
1429. 432112
1430. 432113
1431. 432114
1432. 432121
1433. 432122
1434. 432123
1435. 432124
1436. 432131
1437. 432132
1438. 432133
1439. 432134
1440. 432141
1441. 432142
1442. 432143
1443. 432144
1444. 432211
1445. 432212
1446. 432213
1447. 432214
1448. 432221
1449. 432231
1450. 432241
1451. 432311
1452. 432312
1453. 432313
1454. 432314
1455. 432321
1456. 432331
1457. 432341
1458. 432411
1459. 432412
1460. 432413
1461. 432414
1462. 432421
1463. 432431
1464. 432441
1465. 433112
1466. 433121
1467. 433122
1468. 433123
1469. 433124
1470. 433132
1471. 433142
1472. 433211
1473. 433212
1474. 433213
1475. 433214
1476. 433221
1477. 433231
1478. 433241
1479. 433312
1480. 433321
1481. 433412
1482. 433421
1483. 434112
1484. 434121
1485. 434122
1486. 434123
1487. 434124
1488. 434132
1489. 434142
1490. 434211
1491. 434212
1492. 434213
1493. 434214
1494. 434221
1495. 434231
1496. 434241
1497. 434312
1498. 434321
1499. 434412
1500. 434421
1501. 441123
1502. 441132
1503. 441213
1504. 441223
1505. 441231
1506. 441232
1507. 441233
1508. 441234
1509. 441243
1510. 441312
1511. 441321
1512. 441322
1513. 441323
1514. 441324
1515. 441332
1516. 441342
1517. 441423
1518. 441432
1519. 442113
1520. 442123
1521. 442131
1522. 442132
1523. 442133
1524. 442134
1525. 442143
1526. 442213
1527. 442231
1528. 442311
1529. 442312
1530. 442313
1531. 442314
1532. 442321
1533. 442331
1534. 442341
1535. 442413
1536. 442431
1537. 443112
1538. 443121
1539. 443122
1540. 443123
1541. 443124
1542. 443132
1543. 443142
1544. 443211
1545. 443212
1546. 443213
1547. 443214
1548. 443221
1549. 443231
1550. 443241
1551. 443312
1552. 443321
1553. 443412
1554. 443421
1555. 444123
1556. 444132
1557. 444213
1558. 444231
1559. 444312
1560. 444321

Unique Sequences using All Four Mallets
1. 111234
2. 111243
3. 111324
4. 111342
5. 111423
6. 111432
7. 112134
8. 112143
9. 112234
10. 112243
11. 112314
12. 112324
13. 112334
14. 112342
15. 112343
16. 112344
17. 112413
18. 112423
19. 112432
20. 112433
21. 112434
22. 112443
23. 113124
24. 113142
25. 113214
26. 113224
27. 113234
28. 113242
29. 113243
30. 113244
31. 113324
32. 113342
33. 113412
34. 113422
35. 113423
36. 113424
37. 113432
38. 113442
39. 114123
40. 114132
41. 114213
42. 114223
43. 114232
44. 114233
45. 114234
46. 114243
47. 114312
48. 114322
49. 114323
50. 114324
51. 114332
52. 114342
53. 114423
54. 114432
55. 121234
56. 121243
57. 121314
58. 121324
59. 121334
60. 121342
61. 121343
62. 121344
63. 121413
64. 121423
65. 121432
66. 121433
67. 121434
68. 121443
69. 122134
70. 122143
71. 122234
72. 122243
73. 122314
74. 122324
75. 122334
76. 122342
77. 122343
78. 122344
79. 122413
80. 122423
81. 122432
82. 122433
83. 122434
84. 122443
85. 123124
86. 123134
87. 123142
88. 123143
89. 123144
90. 123214
91. 123224
92. 123234
93. 123242
94. 123243
95. 123244
96. 123314
97. 123324
98. 123334
99. 123342
100. 123343
101. 123344
102. 123413
103. 123414
104. 123422
105. 123423
106. 123424
107. 123432
108. 123433
109. 123434
110. 123442
111. 123443
112. 123444
113. 124132
114. 124133
115. 124134
116. 124143
117. 124213
118. 124223
119. 124232
120. 124233
121. 124234
122. 124243
123. 124313
124. 124314
125. 124322
126. 124323
127. 124324
128. 124332
129. 124333
130. 124334
131. 124342
132. 124343
133. 124344
134. 124413
135. 124423
136. 124432
137. 124433
138. 124434
139. 124443
140. 131324
141. 131342
142. 131422
143. 131423
144. 131424
145. 131432
146. 131442
147. 132134
148. 132142
149. 132143
150. 132144
151. 132214
152. 132224
153. 132234
154. 132242
155. 132243
156. 132244
157. 132314
158. 132324
159. 132334
160. 132342
161. 132343
162. 132344
163. 132414
164. 132422
165. 132423
166. 132424
167. 132432
168. 132433
169. 132434
170. 132442
171. 132443
172. 132444
173. 133142
174. 133214
175. 133224
176. 133234
177. 133242
178. 133243
179. 133244
180. 133324
181. 133342
182. 133422
183. 133423
184. 133424
185. 133432
186. 133442
187. 134142
188. 134214
189. 134222
190. 134223
191. 134224
192. 134232
193. 134233
194. 134234
195. 134242
196. 134243
197. 134244
198. 134322
199. 134323
200. 134324
201. 134332
202. 134342
203. 134422
204. 134423
205. 134424
206. 134432
207. 134442
208. 141423
209. 141432
210. 142143
211. 142223
212. 142232
213. 142233
214. 142234
215. 142243
216. 142322
217. 142323
218. 142324
219. 142332
220. 142333
221. 142334
222. 142342
223. 142343
224. 142344
225. 142423
226. 142432
227. 142433
228. 142434
229. 142443
230. 143222
231. 143223
232. 143224
233. 143232
234. 143233
235. 143234
236. 143242
237. 143243
238. 143244
239. 143322
240. 143323
241. 143324
242. 143332
243. 143342
244. 143422
245. 143423
246. 143424
247. 143432
248. 143442
249. 144223
250. 144232
251. 144233
252. 144234
253. 144243
254. 144322
255. 144323
256. 144324
257. 144332
258. 144342
259. 144423
260. 144432

