Full Numerical List
1. 1111
2. 1112
3. 1113
4. 1114
5. 1121
6. 1122
7. 1123
8. 1124
9. 1131
10. 1132
11. 1133
12. 1134
13. 1141
14. 1142
15. 1143
16. 1144
17. 1211
18. 1212
19. 1213
20. 1214
21. 1221
22. 1222
23. 1223
24. 1224
25. 1231
26. 1232
27. 1233
28. 1234
29. 1241
30. 1242
31. 1243
32. 1244
33. 1311
34. 1312
35. 1313
36. 1314
37. 1321
38. 1322
39. 1323
40. 1324
41. 1331
42. 1332
43. 1333
44. 1334
45. 1341
46. 1342
47. 1343
48. 1344
49. 1411
50. 1412
51. 1413
52. 1414
53. 1421
54. 1422
55. 1423
56. 1424
57. 1431
58. 1432
59. 1433
60. 1434
61. 1441
62. 1442
63. 1443
64. 1444
65. 2111
66. 2112
67. 2113
68. 2114
69. 2121
70. 2122
71. 2123
72. 2124
73. 2131
74. 2132
75. 2133
76. 2134
77. 2141
78. 2142
79. 2143
80. 2144
81. 2211
82. 2212
83. 2213
84. 2214
85. 2221
86. 2222
87. 2223
88. 2224
89. 2231
90. 2232
91. 2233
92. 2234
93. 2241
94. 2242
95. 2243
96. 2244
97. 2311
98. 2312
99. 2313
100. 2314
101. 2321
102. 2322
103. 2323
104. 2324
105. 2331
106. 2332
107. 2333
108. 2334
109. 2341
110. 2342
111. 2343
112. 2344
113. 2411
114. 2412
115. 2413
116. 2414
117. 2421
118. 2422
119. 2423
120. 2424
121. 2431
122. 2432
123. 2433
124. 2434
125. 2441
126. 2442
127. 2443
128. 2444
129. 3111
130. 3112
131. 3113
132. 3114
133. 3121
134. 3122
135. 3123
136. 3124
137. 3131
138. 3132
139. 3133
140. 3134
141. 3141
142. 3142
143. 3143
144. 3144
145. 3211
146. 3212
147. 3213
148. 3214
149. 3221
150. 3222
151. 3223
152. 3224
153. 3231
154. 3232
155. 3233
156. 3234
157. 3241
158. 3242
159. 3243
160. 3244
161. 3311
162. 3312
163. 3313
164. 3314
165. 3321
166. 3322
167. 3323
168. 3324
169. 3331
170. 3332
171. 3333
172. 3334
173. 3341
174. 3342
175. 3343
176. 3344
177. 3411
178. 3412
179. 3413
180. 3414
181. 3421
182. 3422
183. 3423
184. 3424
185. 3431
186. 3432
187. 3433
188. 3434
189. 3441
190. 3442
191. 3443
192. 3444
193. 4111
194. 4112
195. 4113
196. 4114
197. 4121
198. 4122
199. 4123
200. 4124
201. 4131
202. 4132
203. 4133
204. 4134
205. 4141
206. 4142
207. 4143
208. 4144
209. 4211
210. 4212
211. 4213
212. 4214
213. 4221
214. 4222
215. 4223
216. 4224
217. 4231
218. 4232
219. 4233
220. 4234
221. 4241
222. 4242
223. 4243
224. 4244
225. 4311
226. 4312
227. 4313
228. 4314
229. 4321
230. 4322
231. 4323
232. 4324
233. 4331
234. 4332
235. 4333
236. 4334
237. 4341
238. 4342
239. 4343
240. 4344
241. 4411
242. 4412
243. 4413
244. 4414
245. 4421
246. 4422
247. 4423
248. 4424
249. 4431
250. 4432
251. 4433
252. 4434
253. 4441
254. 4442
255. 4443
256. 4444

Unique Sequences
1. 1111
2. 1112
3. 1113
4. 1114
5. 1122
6. 1123
7. 1124
8. 1132
9. 1133
10. 1134
11. 1142
12. 1143
13. 1144
14. 1212
15. 1213
16. 1214
17. 1222
18. 1223
19. 1224
20. 1232
21. 1233
22. 1234
23. 1242
24. 1243
25. 1244
26. 1313
27. 1314
28. 1322
29. 1323
30. 1324
31. 1332
32. 1333
33. 1334
34. 1342
35. 1343
36. 1344
37. 1414
38. 1422
39. 1423
40. 1424
41. 1432
42. 1433
43. 1434
44. 1442
45. 1443
46. 1444
47. 2222
48. 2223
49. 2224
50. 2233
51. 2234
52. 2243
53. 2244
54. 2323
55. 2324
56. 2333
57. 2334
58. 2343
59. 2344
60. 2424
61. 2433
62. 2434
63. 2443
64. 2444
65. 3333
66. 3334
67. 3344
68. 3434
69. 3444
70. 4444

Use All Four Mallets
1. 1234
2. 1243
3. 1324
4. 1342
5. 1423
6. 1432
7. 2134
8. 2143
9. 2314
10. 2341
11. 2413
12. 2431
13. 3124
14. 3142
15. 3214
16. 3241
17. 3412
18. 3421
19. 4123
20. 4132
21. 4213
22. 4231
23. 4312
24. 4321

Unique Sequences using All Four Mallets
1. 1234
2. 1243
3. 1324
4. 1342
5. 1423
6. 1432

