Full Numerical List
1. 11111
2. 11112
3. 11113
4. 11114
5. 11121
6. 11122
7. 11123
8. 11124
9. 11131
10. 11132
11. 11133
12. 11134
13. 11141
14. 11142
15. 11143
16. 11144
17. 11211
18. 11212
19. 11213
20. 11214
21. 11221
22. 11222
23. 11223
24. 11224
25. 11231
26. 11232
27. 11233
28. 11234
29. 11241
30. 11242
31. 11243
32. 11244
33. 11311
34. 11312
35. 11313
36. 11314
37. 11321
38. 11322
39. 11323
40. 11324
41. 11331
42. 11332
43. 11333
44. 11334
45. 11341
46. 11342
47. 11343
48. 11344
49. 11411
50. 11412
51. 11413
52. 11414
53. 11421
54. 11422
55. 11423
56. 11424
57. 11431
58. 11432
59. 11433
60. 11434
61. 11441
62. 11442
63. 11443
64. 11444
65. 12111
66. 12112
67. 12113
68. 12114
69. 12121
70. 12122
71. 12123
72. 12124
73. 12131
74. 12132
75. 12133
76. 12134
77. 12141
78. 12142
79. 12143
80. 12144
81. 12211
82. 12212
83. 12213
84. 12214
85. 12221
86. 12222
87. 12223
88. 12224
89. 12231
90. 12232
91. 12233
92. 12234
93. 12241
94. 12242
95. 12243
96. 12244
97. 12311
98. 12312
99. 12313
100. 12314
101. 12321
102. 12322
103. 12323
104. 12324
105. 12331
106. 12332
107. 12333
108. 12334
109. 12341
110. 12342
111. 12343
112. 12344
113. 12411
114. 12412
115. 12413
116. 12414
117. 12421
118. 12422
119. 12423
120. 12424
121. 12431
122. 12432
123. 12433
124. 12434
125. 12441
126. 12442
127. 12443
128. 12444
129. 13111
130. 13112
131. 13113
132. 13114
133. 13121
134. 13122
135. 13123
136. 13124
137. 13131
138. 13132
139. 13133
140. 13134
141. 13141
142. 13142
143. 13143
144. 13144
145. 13211
146. 13212
147. 13213
148. 13214
149. 13221
150. 13222
151. 13223
152. 13224
153. 13231
154. 13232
155. 13233
156. 13234
157. 13241
158. 13242
159. 13243
160. 13244
161. 13311
162. 13312
163. 13313
164. 13314
165. 13321
166. 13322
167. 13323
168. 13324
169. 13331
170. 13332
171. 13333
172. 13334
173. 13341
174. 13342
175. 13343
176. 13344
177. 13411
178. 13412
179. 13413
180. 13414
181. 13421
182. 13422
183. 13423
184. 13424
185. 13431
186. 13432
187. 13433
188. 13434
189. 13441
190. 13442
191. 13443
192. 13444
193. 14111
194. 14112
195. 14113
196. 14114
197. 14121
198. 14122
199. 14123
200. 14124
201. 14131
202. 14132
203. 14133
204. 14134
205. 14141
206. 14142
207. 14143
208. 14144
209. 14211
210. 14212
211. 14213
212. 14214
213. 14221
214. 14222
215. 14223
216. 14224
217. 14231
218. 14232
219. 14233
220. 14234
221. 14241
222. 14242
223. 14243
224. 14244
225. 14311
226. 14312
227. 14313
228. 14314
229. 14321
230. 14322
231. 14323
232. 14324
233. 14331
234. 14332
235. 14333
236. 14334
237. 14341
238. 14342
239. 14343
240. 14344
241. 14411
242. 14412
243. 14413
244. 14414
245. 14421
246. 14422
247. 14423
248. 14424
249. 14431
250. 14432
251. 14433
252. 14434
253. 14441
254. 14442
255. 14443
256. 14444
257. 21111
258. 21112
259. 21113
260. 21114
261. 21121
262. 21122
263. 21123
264. 21124
265. 21131
266. 21132
267. 21133
268. 21134
269. 21141
270. 21142
271. 21143
272. 21144
273. 21211
274. 21212
275. 21213
276. 21214
277. 21221
278. 21222
279. 21223
280. 21224
281. 21231
282. 21232
283. 21233
284. 21234
285. 21241
286. 21242
287. 21243
288. 21244
289. 21311
290. 21312
291. 21313
292. 21314
293. 21321
294. 21322
295. 21323
296. 21324
297. 21331
298. 21332
299. 21333
300. 21334
301. 21341
302. 21342
303. 21343
304. 21344
305. 21411
306. 21412
307. 21413
308. 21414
309. 21421
310. 21422
311. 21423
312. 21424
313. 21431
314. 21432
315. 21433
316. 21434
317. 21441
318. 21442
319. 21443
320. 21444
321. 22111
322. 22112
323. 22113
324. 22114
325. 22121
326. 22122
327. 22123
328. 22124
329. 22131
330. 22132
331. 22133
332. 22134
333. 22141
334. 22142
335. 22143
336. 22144
337. 22211
338. 22212
339. 22213
340. 22214
341. 22221
342. 22222
343. 22223
344. 22224
345. 22231
346. 22232
347. 22233
348. 22234
349. 22241
350. 22242
351. 22243
352. 22244
353. 22311
354. 22312
355. 22313
356. 22314
357. 22321
358. 22322
359. 22323
360. 22324
361. 22331
362. 22332
363. 22333
364. 22334
365. 22341
366. 22342
367. 22343
368. 22344
369. 22411
370. 22412
371. 22413
372. 22414
373. 22421
374. 22422
375. 22423
376. 22424
377. 22431
378. 22432
379. 22433
380. 22434
381. 22441
382. 22442
383. 22443
384. 22444
385. 23111
386. 23112
387. 23113
388. 23114
389. 23121
390. 23122
391. 23123
392. 23124
393. 23131
394. 23132
395. 23133
396. 23134
397. 23141
398. 23142
399. 23143
400. 23144
401. 23211
402. 23212
403. 23213
404. 23214
405. 23221
406. 23222
407. 23223
408. 23224
409. 23231
410. 23232
411. 23233
412. 23234
413. 23241
414. 23242
415. 23243
416. 23244
417. 23311
418. 23312
419. 23313
420. 23314
421. 23321
422. 23322
423. 23323
424. 23324
425. 23331
426. 23332
427. 23333
428. 23334
429. 23341
430. 23342
431. 23343
432. 23344
433. 23411
434. 23412
435. 23413
436. 23414
437. 23421
438. 23422
439. 23423
440. 23424
441. 23431
442. 23432
443. 23433
444. 23434
445. 23441
446. 23442
447. 23443
448. 23444
449. 24111
450. 24112
451. 24113
452. 24114
453. 24121
454. 24122
455. 24123
456. 24124
457. 24131
458. 24132
459. 24133
460. 24134
461. 24141
462. 24142
463. 24143
464. 24144
465. 24211
466. 24212
467. 24213
468. 24214
469. 24221
470. 24222
471. 24223
472. 24224
473. 24231
474. 24232
475. 24233
476. 24234
477. 24241
478. 24242
479. 24243
480. 24244
481. 24311
482. 24312
483. 24313
484. 24314
485. 24321
486. 24322
487. 24323
488. 24324
489. 24331
490. 24332
491. 24333
492. 24334
493. 24341
494. 24342
495. 24343
496. 24344
497. 24411
498. 24412
499. 24413
500. 24414
501. 24421
502. 24422
503. 24423
504. 24424
505. 24431
506. 24432
507. 24433
508. 24434
509. 24441
510. 24442
511. 24443
512. 24444
513. 31111
514. 31112
515. 31113
516. 31114
517. 31121
518. 31122
519. 31123
520. 31124
521. 31131
522. 31132
523. 31133
524. 31134
525. 31141
526. 31142
527. 31143
528. 31144
529. 31211
530. 31212
531. 31213
532. 31214
533. 31221
534. 31222
535. 31223
536. 31224
537. 31231
538. 31232
539. 31233
540. 31234
541. 31241
542. 31242
543. 31243
544. 31244
545. 31311
546. 31312
547. 31313
548. 31314
549. 31321
550. 31322
551. 31323
552. 31324
553. 31331
554. 31332
555. 31333
556. 31334
557. 31341
558. 31342
559. 31343
560. 31344
561. 31411
562. 31412
563. 31413
564. 31414
565. 31421
566. 31422
567. 31423
568. 31424
569. 31431
570. 31432
571. 31433
572. 31434
573. 31441
574. 31442
575. 31443
576. 31444
577. 32111
578. 32112
579. 32113
580. 32114
581. 32121
582. 32122
583. 32123
584. 32124
585. 32131
586. 32132
587. 32133
588. 32134
589. 32141
590. 32142
591. 32143
592. 32144
593. 32211
594. 32212
595. 32213
596. 32214
597. 32221
598. 32222
599. 32223
600. 32224
601. 32231
602. 32232
603. 32233
604. 32234
605. 32241
606. 32242
607. 32243
608. 32244
609. 32311
610. 32312
611. 32313
612. 32314
613. 32321
614. 32322
615. 32323
616. 32324
617. 32331
618. 32332
619. 32333
620. 32334
621. 32341
622. 32342
623. 32343
624. 32344
625. 32411
626. 32412
627. 32413
628. 32414
629. 32421
630. 32422
631. 32423
632. 32424
633. 32431
634. 32432
635. 32433
636. 32434
637. 32441
638. 32442
639. 32443
640. 32444
641. 33111
642. 33112
643. 33113
644. 33114
645. 33121
646. 33122
647. 33123
648. 33124
649. 33131
650. 33132
651. 33133
652. 33134
653. 33141
654. 33142
655. 33143
656. 33144
657. 33211
658. 33212
659. 33213
660. 33214
661. 33221
662. 33222
663. 33223
664. 33224
665. 33231
666. 33232
667. 33233
668. 33234
669. 33241
670. 33242
671. 33243
672. 33244
673. 33311
674. 33312
675. 33313
676. 33314
677. 33321
678. 33322
679. 33323
680. 33324
681. 33331
682. 33332
683. 33333
684. 33334
685. 33341
686. 33342
687. 33343
688. 33344
689. 33411
690. 33412
691. 33413
692. 33414
693. 33421
694. 33422
695. 33423
696. 33424
697. 33431
698. 33432
699. 33433
700. 33434
701. 33441
702. 33442
703. 33443
704. 33444
705. 34111
706. 34112
707. 34113
708. 34114
709. 34121
710. 34122
711. 34123
712. 34124
713. 34131
714. 34132
715. 34133
716. 34134
717. 34141
718. 34142
719. 34143
720. 34144
721. 34211
722. 34212
723. 34213
724. 34214
725. 34221
726. 34222
727. 34223
728. 34224
729. 34231
730. 34232
731. 34233
732. 34234
733. 34241
734. 34242
735. 34243
736. 34244
737. 34311
738. 34312
739. 34313
740. 34314
741. 34321
742. 34322
743. 34323
744. 34324
745. 34331
746. 34332
747. 34333
748. 34334
749. 34341
750. 34342
751. 34343
752. 34344
753. 34411
754. 34412
755. 34413
756. 34414
757. 34421
758. 34422
759. 34423
760. 34424
761. 34431
762. 34432
763. 34433
764. 34434
765. 34441
766. 34442
767. 34443
768. 34444
769. 41111
770. 41112
771. 41113
772. 41114
773. 41121
774. 41122
775. 41123
776. 41124
777. 41131
778. 41132
779. 41133
780. 41134
781. 41141
782. 41142
783. 41143
784. 41144
785. 41211
786. 41212
787. 41213
788. 41214
789. 41221
790. 41222
791. 41223
792. 41224
793. 41231
794. 41232
795. 41233
796. 41234
797. 41241
798. 41242
799. 41243
800. 41244
801. 41311
802. 41312
803. 41313
804. 41314
805. 41321
806. 41322
807. 41323
808. 41324
809. 41331
810. 41332
811. 41333
812. 41334
813. 41341
814. 41342
815. 41343
816. 41344
817. 41411
818. 41412
819. 41413
820. 41414
821. 41421
822. 41422
823. 41423
824. 41424
825. 41431
826. 41432
827. 41433
828. 41434
829. 41441
830. 41442
831. 41443
832. 41444
833. 42111
834. 42112
835. 42113
836. 42114
837. 42121
838. 42122
839. 42123
840. 42124
841. 42131
842. 42132
843. 42133
844. 42134
845. 42141
846. 42142
847. 42143
848. 42144
849. 42211
850. 42212
851. 42213
852. 42214
853. 42221
854. 42222
855. 42223
856. 42224
857. 42231
858. 42232
859. 42233
860. 42234
861. 42241
862. 42242
863. 42243
864. 42244
865. 42311
866. 42312
867. 42313
868. 42314
869. 42321
870. 42322
871. 42323
872. 42324
873. 42331
874. 42332
875. 42333
876. 42334
877. 42341
878. 42342
879. 42343
880. 42344
881. 42411
882. 42412
883. 42413
884. 42414
885. 42421
886. 42422
887. 42423
888. 42424
889. 42431
890. 42432
891. 42433
892. 42434
893. 42441
894. 42442
895. 42443
896. 42444
897. 43111
898. 43112
899. 43113
900. 43114
901. 43121
902. 43122
903. 43123
904. 43124
905. 43131
906. 43132
907. 43133
908. 43134
909. 43141
910. 43142
911. 43143
912. 43144
913. 43211
914. 43212
915. 43213
916. 43214
917. 43221
918. 43222
919. 43223
920. 43224
921. 43231
922. 43232
923. 43233
924. 43234
925. 43241
926. 43242
927. 43243
928. 43244
929. 43311
930. 43312
931. 43313
932. 43314
933. 43321
934. 43322
935. 43323
936. 43324
937. 43331
938. 43332
939. 43333
940. 43334
941. 43341
942. 43342
943. 43343
944. 43344
945. 43411
946. 43412
947. 43413
948. 43414
949. 43421
950. 43422
951. 43423
952. 43424
953. 43431
954. 43432
955. 43433
956. 43434
957. 43441
958. 43442
959. 43443
960. 43444
961. 44111
962. 44112
963. 44113
964. 44114
965. 44121
966. 44122
967. 44123
968. 44124
969. 44131
970. 44132
971. 44133
972. 44134
973. 44141
974. 44142
975. 44143
976. 44144
977. 44211
978. 44212
979. 44213
980. 44214
981. 44221
982. 44222
983. 44223
984. 44224
985. 44231
986. 44232
987. 44233
988. 44234
989. 44241
990. 44242
991. 44243
992. 44244
993. 44311
994. 44312
995. 44313
996. 44314
997. 44321
998. 44322
999. 44323
1000. 44324
1001. 44331
1002. 44332
1003. 44333
1004. 44334
1005. 44341
1006. 44342
1007. 44343
1008. 44344
1009. 44411
1010. 44412
1011. 44413
1012. 44414
1013. 44421
1014. 44422
1015. 44423
1016. 44424
1017. 44431
1018. 44432
1019. 44433
1020. 44434
1021. 44441
1022. 44442
1023. 44443
1024. 44444

Unique Sequences
1. 11111
2. 11112
3. 11113
4. 11114
5. 11122
6. 11123
7. 11124
8. 11132
9. 11133
10. 11134
11. 11142
12. 11143
13. 11144
14. 11212
15. 11213
16. 11214
17. 11222
18. 11223
19. 11224
20. 11232
21. 11233
22. 11234
23. 11242
24. 11243
25. 11244
26. 11312
27. 11313
28. 11314
29. 11322
30. 11323
31. 11324
32. 11332
33. 11333
34. 11334
35. 11342
36. 11343
37. 11344
38. 11412
39. 11413
40. 11414
41. 11422
42. 11423
43. 11424
44. 11432
45. 11433
46. 11434
47. 11442
48. 11443
49. 11444
50. 12122
51. 12123
52. 12124
53. 12132
54. 12133
55. 12134
56. 12142
57. 12143
58. 12144
59. 12213
60. 12214
61. 12222
62. 12223
63. 12224
64. 12232
65. 12233
66. 12234
67. 12242
68. 12243
69. 12244
70. 12313
71. 12314
72. 12322
73. 12323
74. 12324
75. 12332
76. 12333
77. 12334
78. 12342
79. 12343
80. 12344
81. 12413
82. 12414
83. 12422
84. 12423
85. 12424
86. 12432
87. 12433
88. 12434
89. 12442
90. 12443
91. 12444
92. 13132
93. 13133
94. 13134
95. 13142
96. 13143
97. 13144
98. 13214
99. 13222
100. 13223
101. 13224
102. 13232
103. 13233
104. 13234
105. 13242
106. 13243
107. 13244
108. 13314
109. 13322
110. 13323
111. 13324
112. 13332
113. 13333
114. 13334
115. 13342
116. 13343
117. 13344
118. 13414
119. 13422
120. 13423
121. 13424
122. 13432
123. 13433
124. 13434
125. 13442
126. 13443
127. 13444
128. 14142
129. 14143
130. 14144
131. 14222
132. 14223
133. 14224
134. 14232
135. 14233
136. 14234
137. 14242
138. 14243
139. 14244
140. 14322
141. 14323
142. 14324
143. 14332
144. 14333
145. 14334
146. 14342
147. 14343
148. 14344
149. 14422
150. 14423
151. 14424
152. 14432
153. 14433
154. 14434
155. 14442
156. 14443
157. 14444
158. 22222
159. 22223
160. 22224
161. 22233
162. 22234
163. 22243
164. 22244
165. 22323
166. 22324
167. 22333
168. 22334
169. 22343
170. 22344
171. 22423
172. 22424
173. 22433
174. 22434
175. 22443
176. 22444
177. 23233
178. 23234
179. 23243
180. 23244
181. 23324
182. 23333
183. 23334
184. 23343
185. 23344
186. 23424
187. 23433
188. 23434
189. 23443
190. 23444
191. 24243
192. 24244
193. 24333
194. 24334
195. 24343
196. 24344
197. 24433
198. 24434
199. 24443
200. 24444
201. 33333
202. 33334
203. 33344
204. 33434
205. 33444
206. 34344
207. 34444
208. 44444

Use All Four Mallets
1. 11234
2. 11243
3. 11324
4. 11342
5. 11423
6. 11432
7. 12134
8. 12143
9. 12234
10. 12243
11. 12314
12. 12324
13. 12334
14. 12341
15. 12342
16. 12343
17. 12344
18. 12413
19. 12423
20. 12431
21. 12432
22. 12433
23. 12434
24. 12443
25. 13124
26. 13142
27. 13214
28. 13224
29. 13234
30. 13241
31. 13242
32. 13243
33. 13244
34. 13324
35. 13342
36. 13412
37. 13421
38. 13422
39. 13423
40. 13424
41. 13432
42. 13442
43. 14123
44. 14132
45. 14213
46. 14223
47. 14231
48. 14232
49. 14233
50. 14234
51. 14243
52. 14312
53. 14321
54. 14322
55. 14323
56. 14324
57. 14332
58. 14342
59. 14423
60. 14432
61. 21134
62. 21143
63. 21234
64. 21243
65. 21314
66. 21324
67. 21334
68. 21341
69. 21342
70. 21343
71. 21344
72. 21413
73. 21423
74. 21431
75. 21432
76. 21433
77. 21434
78. 21443
79. 22134
80. 22143
81. 22314
82. 22341
83. 22413
84. 22431
85. 23114
86. 23124
87. 23134
88. 23141
89. 23142
90. 23143
91. 23144
92. 23214
93. 23241
94. 23314
95. 23341
96. 23411
97. 23412
98. 23413
99. 23414
100. 23421
101. 23431
102. 23441
103. 24113
104. 24123
105. 24131
106. 24132
107. 24133
108. 24134
109. 24143
110. 24213
111. 24231
112. 24311
113. 24312
114. 24313
115. 24314
116. 24321
117. 24331
118. 24341
119. 24413
120. 24431
121. 31124
122. 31142
123. 31214
124. 31224
125. 31234
126. 31241
127. 31242
128. 31243
129. 31244
130. 31324
131. 31342
132. 31412
133. 31421
134. 31422
135. 31423
136. 31424
137. 31432
138. 31442
139. 32114
140. 32124
141. 32134
142. 32141
143. 32142
144. 32143
145. 32144
146. 32214
147. 32241
148. 32314
149. 32341
150. 32411
151. 32412
152. 32413
153. 32414
154. 32421
155. 32431
156. 32441
157. 33124
158. 33142
159. 33214
160. 33241
161. 33412
162. 33421
163. 34112
164. 34121
165. 34122
166. 34123
167. 34124
168. 34132
169. 34142
170. 34211
171. 34212
172. 34213
173. 34214
174. 34221
175. 34231
176. 34241
177. 34312
178. 34321
179. 34412
180. 34421
181. 41123
182. 41132
183. 41213
184. 41223
185. 41231
186. 41232
187. 41233
188. 41234
189. 41243
190. 41312
191. 41321
192. 41322
193. 41323
194. 41324
195. 41332
196. 41342
197. 41423
198. 41432
199. 42113
200. 42123
201. 42131
202. 42132
203. 42133
204. 42134
205. 42143
206. 42213
207. 42231
208. 42311
209. 42312
210. 42313
211. 42314
212. 42321
213. 42331
214. 42341
215. 42413
216. 42431
217. 43112
218. 43121
219. 43122
220. 43123
221. 43124
222. 43132
223. 43142
224. 43211
225. 43212
226. 43213
227. 43214
228. 43221
229. 43231
230. 43241
231. 43312
232. 43321
233. 43412
234. 43421
235. 44123
236. 44132
237. 44213
238. 44231
239. 44312
240. 44321

Unique Sequences using All Four Mallets
1. 11234
2. 11243
3. 11324
4. 11342
5. 11423
6. 11432
7. 12134
8. 12143
9. 12234
10. 12243
11. 12314
12. 12324
13. 12334
14. 12342
15. 12343
16. 12344
17. 12413
18. 12423
19. 12432
20. 12433
21. 12434
22. 12443
23. 13142
24. 13214
25. 13224
26. 13234
27. 13242
28. 13243
29. 13244
30. 13324
31. 13342
32. 13422
33. 13423
34. 13424
35. 13432
36. 13442
37. 14223
38. 14232
39. 14233
40. 14234
41. 14243
42. 14322
43. 14323
44. 14324
45. 14332
46. 14342
47. 14423
48. 14432

